label	length
0	2000
0	2000
0	2000
0	5000
0	2000
0	2000
0	3000
0	3000
0	3000
0	4000
0	2000
0	2000
0	2000
0	5000
0	2000
0	3000
0	2000
0	2000
0	5000
0	2000
0	2000
0	2000
0	2000
0	2000
0	5000
0	2000
0	3000
0	3000
0	2000
0	2000
0	3000
0	6000
0	3000
0	3000
0	2000
0	4000
0	5000
0	2000
0	2000
0	3000
0	3000
0	3000
0	2000
0	4000
0	2000
0	2000
0	2000
0	2000
0	2000
0	2000
0	2000
0	6000
0	3000
0	2000
0	2000
0	3000
0	2000
0	7000
0	4000
0	2000
0	2000
0	2000
0	8000
0	2000
0	2000
0	8000
0	4000
0	5000
0	2000
0	2000
0	2000
0	4000
0	7000
0	11000
0	3000
0	4000
0	4000
0	4000
0	3000
0	2000
0	2000
0	2000
0	2000
0	5000
0	4000
0	3000
0	2000
0	3000
0	2000
0	2000
0	2000
0	2000
0	2000
0	7000
0	2000
0	2000
0	3000
0	2000
0	2000
0	2000
0	5000
0	2000
0	2000
0	3000
0	2000
0	3000
0	3000
0	12000
0	2000
0	4000
0	2000
0	4000
0	2000
0	3000
0	5000
0	7000
0	2000
0	3000
0	2000
0	4000
0	2000
0	3000
0	2000
0	3000
0	6000
0	3000
0	4000
0	10000
0	3000
0	2000
0	2000
0	2000
0	2000
0	2000
0	8000
0	2000
0	2000
0	2000
0	3000
0	4000
0	2000
0	11000
0	7000
0	3000
0	5000
0	2000
0	2000
0	2000
0	2000
0	2000
0	2000
0	2000
0	3000
8	2000
8	21000
8	7000
8	3000
8	5000
8	3000
8	3000
8	8000
8	4000
8	7000
8	2000
8	5000
8	2000
8	2000
8	2000
8	15000
8	4000
8	5000
8	6000
8	2000
8	6000
8	5000
8	2000
8	2000
8	2000
8	2000
8	2000
8	4000
8	3000
8	2000
8	2000
8	2000
8	2000
8	3000
8	5000
8	4000
8	2000
8	2000
8	7000
8	4000
8	30000
8	3000
8	11000
8	6000
8	3000
8	3000
8	2000
8	2000
8	3000
8	5000
8	2000
8	6000
8	4000
8	3000
8	7000
8	2000
8	18000
8	4000
8	2000
8	2000
8	4000
8	2000
8	2000
8	3000
8	2000
8	4000
8	7000
8	6000
8	2000
8	4000
8	37000
8	3000
8	8000
8	2000
8	5000
8	2000
8	19000
8	3000
8	6000
8	4000
8	10000
8	3000
8	2000
8	2000
8	2000
8	2000
8	2000
8	2000
8	3000
8	2000
8	2000
8	14000
8	3000
8	2000
8	7000
8	7000
8	9000
8	5000
8	3000
8	4000
8	5000
8	5000
8	10000
8	9000
8	2000
8	3000
8	2000
8	2000
8	3000
8	4000
8	2000
8	2000
8	35000
8	4000
8	5000
8	17000
8	2000
8	7000
8	19000
8	13000
8	2000
8	2000
8	10000
8	2000
8	2000
8	7000
8	3000
8	2000
8	3000
8	13000
8	9000
8	7000
8	5000
8	15000
8	4000
8	7000
8	7000
8	7000
8	3000
8	2000
8	5000
8	2000
8	4000
8	10000
8	2000
8	2000
8	2000
8	2000
8	7000
8	3000
8	18000
8	3000
8	2000
8	2000
8	5000
8	3000
8	9000
8	12000
8	5000
8	14000
8	5000
8	37000
8	11000
8	3000
8	9000
8	7000
8	2000
8	2000
8	2000
8	7000
8	2000
8	2000
8	4000
8	2000
8	5000
8	3000
8	2000
8	2000
8	3000
8	3000
8	6000
8	3000
8	4000
8	14000
8	4000
8	6000
8	4000
8	4000
3	2000
3	18000
3	28000
3	9000
3	31000
3	3000
3	25000
3	8000
3	3000
3	3000
3	3000
3	7000
3	6000
3	8000
3	5000
3	4000
3	5000
3	2000
3	11000
3	9000
3	2000
3	6000
3	4000
3	2000
3	13000
3	5000
3	8000
3	8000
3	2000
3	4000
3	13000
3	5000
3	24000
3	2000
3	8000
3	9000
3	42000
3	11000
3	10000
3	23000
3	9000
3	13000
3	18000
3	10000
3	18000
3	19000
3	13000
3	8000
3	8000
3	8000
3	14000
3	9000
3	12000
3	49000
3	21000
3	2000
3	12000
3	4000
3	7000
3	4000
3	45000
3	3000
3	43000
3	38000
3	2000
3	3000
3	5000
3	3000
3	5000
3	31000
3	2000
3	3000
3	3000
3	3000
3	9000
3	5000
3	2000
3	25000
3	17000
3	4000
3	10000
3	8000
3	4000
3	11000
3	3000
3	2000
3	6000
3	10000
3	6000
3	13000
3	24000
3	1000
3	7000
3	6000
3	2000
3	25000
3	22000
3	2000
3	12000
3	2000
3	4000
3	3000
3	3000
3	2000
3	9000
3	2000
3	2000
3	3000
3	8000
3	6000
3	5000
3	6000
3	2000
3	4000
3	4000
3	7000
3	13000
3	18000
3	8000
3	5000
3	24000
3	14000
3	37000
3	27000
3	4000
3	22000
3	15000
3	17000
3	4000
3	2000
3	5000
3	8000
3	4000
3	10000
3	6000
3	2000
3	3000
3	3000
3	7000
3	58000
3	32000
3	2000
3	4000
3	15000
3	69000
3	4000
3	7000
3	5000
3	7000
3	4000
3	11000
3	7000
3	2000
3	5000
3	22000
3	8000
3	40000
3	5000
3	10000
3	2000
3	16000
3	32000
3	3000
3	9000
3	23000
3	8000
3	7000
3	5000
3	3000
3	4000
3	2000
3	2000
3	6000
3	9000
3	2000
3	5000
3	3000
3	11000
3	6000
3	6000
3	23000
3	10000
3	3000
3	2000
3	9000
3	2000
3	3000
3	6000
3	2000
3	5000
3	6000
3	2000
3	2000
3	16000
3	2000
3	3000
3	21000
3	2000
3	3000
3	7000
3	2000
3	4000
3	24000
3	68000
3	5000
3	13000
3	3000
3	4000
3	3000
3	4000
3	7000
3	7000
3	6000
3	5000
3	2000
3	17000
3	12000
3	3000
3	10000
3	2000
3	5000
3	7000
3	2000
3	3000
3	6000
3	3000
3	2000
3	14000
3	17000
3	2000
3	12000
3	5000
3	5000
3	2000
3	3000
3	2000
3	15000
3	2000
3	4000
6	3000
6	2000
6	2000
6	2000
6	4000
6	3000
6	2000
6	2000
6	3000
6	2000
6	4000
6	3000
6	2000
6	4000
6	3000
6	3000
6	2000
6	2000
6	3000
6	2000
6	4000
6	2000
6	2000
6	3000
6	2000
6	3000
6	3000
6	2000
6	4000
6	2000
6	3000
6	3000
6	2000
6	4000
6	4000
6	3000
6	2000
6	2000
6	2000
6	2000
6	3000
6	2000
6	2000
6	2000
6	2000
6	2000
6	4000
6	3000
6	2000
6	9000
6	3000
6	8000
6	4000
6	3000
6	2000
6	2000
6	2000
6	5000
6	2000
6	2000
6	3000
6	4000
6	2000
6	2000
6	4000
6	5000
6	3000
6	2000
6	4000
6	4000
6	3000
6	2000
6	2000
6	3000
6	5000
6	4000
6	6000
6	7000
6	3000
6	3000
6	2000
6	2000
6	2000
6	3000
6	2000
6	2000
6	3000
6	3000
6	5000
6	3000
6	4000
6	2000
6	5000
6	3000
6	4000
6	15000
6	2000
6	2000
6	3000
6	4000
6	8000
6	3000
6	2000
6	3000
6	2000
6	3000
10	4000
10	2000
10	2000
10	4000
10	1000
10	11000
10	4000
10	6000
10	7000
10	4000
10	2000
10	4000
10	6000
10	3000
10	4000
10	4000
10	5000
10	6000
10	8000
10	3000
10	7000
10	1000
10	1000
10	6000
10	11000
10	3000
10	1000
10	1000
10	3000
10	1000
10	2000
10	3000
10	2000
10	1000
10	4000
10	3000
10	4000
10	1000
10	3000
10	2000
10	2000
10	2000
10	3000
10	3000
10	2000
10	1000
10	2000
10	4000
10	1000
10	2000
10	1000
10	2000
10	5000
10	1000
10	3000
10	2000
10	1000
10	2000
10	3000
10	2000
10	3000
10	2000
10	4000
10	3000
10	4000
10	1000
10	2000
10	1000
10	3000
10	3000
10	3000
10	3000
10	2000
10	3000
10	3000
10	5000
10	3000
10	4000
10	2000
10	4000
10	5000
10	6048
10	5000
10	2000
10	4000
10	18000
10	3000
10	4000
10	2000
10	2000
10	5000
10	2000
10	2000
10	2000
10	4000
10	7000
10	3000
10	3000
10	1000
10	5000
10	11000
10	1000
10	7000
10	5000
10	1000
10	6000
10	3000
10	3000
10	3000
10	7000
10	5000
10	9000
10	4000
10	2000
10	2000
10	4000
10	4000
10	3000
10	3000
10	5000
10	4000
10	6000
10	2000
10	5000
10	5000
10	3000
10	2000
10	3000
10	2000
10	8000
10	8000
10	3000
10	4000
10	3000
10	2000
10	9000
10	3000
10	2000
10	4000
10	4000
10	9000
10	1000
10	1000
10	17000
10	3000
10	6000
10	4000
10	3000
10	1000
10	5000
10	2000
10	3000
10	7000
10	3000
10	2000
10	2000
10	3000
10	10000
10	6000
10	2000
10	2000
10	5000
10	4000
10	3000
10	5000
10	3000
10	2000
10	3000
10	4000
10	1000
10	8000
10	4000
10	7000
10	6000
10	5000
10	592
10	2000
10	4000
10	2000
10	1000
10	2000
10	2000
10	3000
10	3000
10	8000
10	3000
10	2000
10	3000
10	3000
10	3000
10	2000
10	3000
10	4000
10	2000
10	10000
10	4000
10	1000
10	3000
10	3000
10	2000
10	7000
10	5000
10	3000
10	5000
10	3000
10	11000
10	1000
10	1000
10	2000
10	3000
10	2000
10	6000
10	5000
10	3000
10	7000
10	4000
10	3000
10	10000
10	3000
10	2000
10	2000
10	3000
10	2000
10	4000
10	4000
10	6000
10	4000
10	13000
10	9000
10	7000
10	6000
10	10000
10	5000
10	2000
10	4000
10	15000
10	1000
10	8000
10	2000
10	3000
10	6000
10	7000
10	4000
10	5000
10	2000
10	4000
10	3000
10	4000
10	8000
10	1000
10	4000
10	4000
10	1000
10	5000
10	3000
10	4000
10	2000
10	2000
10	2000
10	5000
10	8000
10	1000
10	1000
10	8000
10	4000
10	1000
10	2000
10	7000
10	3000
10	4000
10	7000
10	3000
10	4000
10	9000
10	5000
10	4000
10	2000
10	2000
10	2000
10	2000
10	4000
10	2000
10	3000
10	4000
10	2000
10	4000
10	5000
10	3000
10	3000
10	2000
10	2000
10	1000
10	3000
10	3000
10	2000
10	1000
10	2000
10	2000
10	4000
10	2000
10	6000
10	2000
10	4000
10	3000
10	2000
10	3000
10	4000
10	2000
10	2000
10	2000
10	8000
10	5000
10	4000
10	2000
10	3000
10	4000
10	6000
10	7000
10	8000
10	1000
10	3000
10	3000
10	3000
10	2000
10	2000
10	5000
10	3000
10	3000
10	2000
10	3000
10	4000
10	4000
10	4000
10	8000
10	3000
10	6000
10	10000
10	3000
10	5000
10	3000
10	3000
10	5000
10	1000
10	2000
10	5000
10	3000
10	2000
10	4000
10	3000
10	2000
10	4000
10	3000
10	2000
10	2000
10	4000
10	1000
10	2000
10	4000
10	2000
10	3000
10	7000
10	3000
10	3000
10	2000
10	2000
10	3000
10	3000
10	8000
10	3000
10	5000
10	3000
10	2000
10	3000
10	7000
10	2000
10	4000
10	3000
10	3000
10	5000
10	2000
10	11000
10	3000
10	3000
10	14000
10	2000
10	4000
10	3000
10	3000
10	7000
10	5000
10	3000
10	3000
10	2000
10	6000
10	2000
10	10000
10	2000
10	3000
10	1000
10	3000
10	4000
10	4000
10	3000
10	1000
10	2000
10	4000
10	4000
10	3000
10	2000
10	2000
10	4000
10	3000
10	9000
10	2000
10	3000
10	2000
10	4000
10	7000
10	2000
10	2000
10	6000
10	3000
10	3000
10	5000
10	3000
10	3000
10	3000
10	3000
10	1000
10	2000
10	6000
10	3000
10	1000
10	2000
10	4000
10	2000
10	4000
10	3000
10	4000
10	1000
10	3000
10	4000
10	3000
10	1000
10	2000
10	4000
10	6000
10	3000
10	6000
10	1000
10	1000
10	2000
10	3000
10	1000
10	3000
10	4000
10	8000
10	2000
10	2000
10	1000
10	5000
10	2000
10	3000
10	1000
10	2000
10	4000
10	3000
10	1
10	2000
10	2000
10	2000
10	2000
10	2000
10	5000
10	1000
10	1000
10	2000
10	2000
10	1000
10	2000
10	2000
10	2000
10	1000
10	3000
10	3000
10	1000
10	2000
10	2000
10	2000
10	3000
10	2000
10	1000
10	2000
10	2000
10	2000
10	4000
10	2000
10	2000
10	1000
10	5000
10	2000
10	2000
10	1000
10	2000
10	5000
10	3000
10	2000
10	3000
10	3000
10	3000
10	2000
10	2000
10	7000
10	3000
10	2000
10	2000
10	4000
10	3000
10	3000
10	2000
10	3000
10	3000
10	2000
10	2000
10	2000
10	1000
10	4000
10	1000
10	3000
10	10000
10	6000
10	3000
10	3000
10	2000
10	2000
10	4000
10	7000
10	4000
10	5000
10	5000
10	3000
10	6000
10	5000
10	3000
10	2000
10	3000
10	2000
10	2000
10	3000
10	7000
10	2000
10	4000
10	4000
10	7000
10	13000
10	2000
10	14000
10	7000
10	2000
10	14000
10	7000
10	6000
10	6000
10	3000
10	6000
10	6000
10	3000
10	2000
10	5000
10	4000
10	5000
10	1000
10	9000
10	3000
10	3000
10	8000
10	6000
10	9000
10	7000
10	2000
10	3000
10	4000
10	2000
10	9000
10	4000
10	3000
10	3000
10	5000
10	11000
10	3000
10	2000
10	4000
10	3000
10	6000
10	3000
10	3000
10	2000
10	3000
10	3000
10	5000
10	2000
10	3000
10	2000
10	3000
10	3000
10	5000
10	6000
10	3000
10	4000
10	2000
10	1000
10	2000
10	2000
10	3000
10	2000
10	9000
10	3000
10	14000
10	4000
10	2000
10	6000
10	4000
10	2000
10	6000
10	1000
10	4000
10	7000
10	3000
10	5000
10	5000
10	2000
10	1000
10	2000
10	2000
10	1000
10	3000
10	4000
10	2000
10	3000
10	2000
10	3000
10	5000
10	6000
10	11000
10	4000
10	3000
10	2000
10	12000
10	3000
10	2000
10	1000
10	8000
10	4000
10	12000
10	6000
10	2000
10	4000
10	8000
10	2000
10	2000
10	2000
10	3000
10	3000
10	3000
10	10000
10	2000
10	2000
10	3000
10	2000
10	4000
10	3000
10	2000
10	3000
10	1000
10	1000
10	2000
10	2000
10	5000
10	6000
10	2000
10	4000
10	1000
10	2000
10	1000
10	2000
10	2000
10	2000
10	2000
10	2000
10	4000
10	2000
10	4000
10	3000
10	3000
10	4000
10	5000
10	2000
10	3000
10	2000
10	3000
10	2000
10	4000
10	1000
10	2000
10	1000
10	4000
10	7000
10	1000
10	1000
10	4000
10	2000
10	1000
10	7000
10	2000
10	2000
10	3000
10	3000
10	2000
10	4000
10	4000
10	1000
10	2000
10	2000
10	2000
10	3000
10	3000
10	3000
10	3000
10	2000
10	3000
10	6000
10	3000
10	2000
10	1000
10	2000
10	2000
10	2000
10	10000
10	1000
10	1000
10	2000
10	2000
10	6000
10	3000
10	5000
10	4000
10	3000
10	4000
10	8000
10	4000
10	3000
10	2000
10	2000
10	2000
10	1000
10	6000
10	12000
10	3000
10	2000
10	1000
10	4000
10	4000
10	3000
10	6000
10	13000
10	15000
10	3000
10	2000
10	1000
10	3000
10	2000
10	5000
10	3000
10	3000
10	3000
10	2000
10	5000
10	1000
10	2000
10	3000
10	2000
10	4000
10	7000
10	4000
10	3000
10	5000
10	8000
10	4000
10	3000
10	7000
10	2000
10	2000
10	4000
10	3000
10	1000
10	1000
10	3000
10	2000
10	3000
10	2000
10	2000
10	4000
10	4000
10	3000
10	4000
10	7000
10	3000
10	4000
10	8000
10	10000
10	2000
10	1000
10	3000
10	3000
10	4000
10	3000
10	8000
10	5000
10	3000
10	3000
10	2000
10	7000
10	9000
10	9000
10	5000
10	5000
10	2000
10	4000
10	4000
10	12000
10	4000
10	9000
10	2000
10	9000
10	8000
10	11000
10	3000
10	3000
10	7000
10	5000
10	2000
10	2000
10	4000
10	5000
10	2000
10	3000
10	6000
10	4000
10	2000
10	2000
10	2000
10	6000
10	10000
10	3000
10	3000
10	7000
10	6000
10	2000
10	2000
10	3000
10	4000
10	1000
10	7000
10	2000
10	1000
10	1000
10	3000
10	6000
10	4000
10	3000
10	2000
10	2000
10	2000
10	5000
10	3000
10	7000
10	6000
10	10000
10	2000
10	10000
10	4000
10	2000
10	3000
10	5000
10	4000
10	4000
10	4000
10	4000
10	3000
10	3000
10	4000
10	1000
10	4000
10	3000
10	4000
10	2000
10	4000
10	3000
10	2000
10	2000
10	2000
10	2000
10	2000
10	3000
10	3000
10	4000
10	3000
10	2000
10	3000
10	12000
10	2000
10	2000
10	6000
10	10000
10	6000
10	2000
10	3000
10	2000
10	3000
10	2000
10	6000
10	5000
10	4000
10	3000
10	9000
10	6000
10	4000
10	2000
10	3000
10	7000
10	4000
10	4000
10	4000
10	5000
10	3000
10	10000
10	2000
10	11000
10	11000
10	5000
10	5000
10	4000
10	2000
10	2000
10	4000
10	2000
10	2000
10	3000
10	4000
10	7000
10	8000
10	2000
10	3000
10	2000
10	3000
10	1000
10	4000
10	4000
10	2000
10	3000
10	3000
10	2000
10	4000
10	3000
10	2000
10	4000
10	3000
10	6000
10	3000
10	9000
10	4000
10	2000
10	3000
10	2000
10	4000
10	2000
10	7000
10	5000
10	5000
10	9000
10	2000
10	5000
10	4000
10	2000
10	5000
10	5000
10	13000
10	7000
10	7000
10	10000
10	4000
10	9000
10	4000
10	8000
10	2000
10	3000
10	2000
10	3000
10	2000
10	6000
10	8000
10	3000
10	5000
10	12000
10	2000
10	3000
10	2000
10	6000
10	4000
10	4000
10	10000
10	2000
10	2000
10	2000
10	1000
10	3000
10	3000
10	1000
10	2000
10	3000
10	3000
10	1000
10	3000
10	2000
10	1000
10	1000
10	1000
10	1000
10	2000
10	1000
10	1000
10	2000
10	2000
10	3000
10	4000
10	1000
10	2000
10	3000
10	3000
10	1000
10	1000
10	3000
10	2000
10	1000
10	2000
10	2000
10	3000
10	2000
10	2000
10	6000
10	4000
10	2000
10	1000
10	2000
10	3000
10	5000
10	4000
10	5000
10	5000
10	3000
10	5000
10	4000
10	3000
10	3000
10	2000
10	4000
10	2000
10	3000
10	6000
10	2000
10	4000
10	2000
10	2000
10	2000
10	3000
10	4000
10	4000
10	3000
10	6000
10	1000
10	4000
10	2000
10	1000
10	7000
10	3000
10	5000
10	3000
10	8000
10	4000
10	6000
10	4000
10	7000
10	2000
10	7000
10	5000
10	2000
10	8000
10	5000
10	6000
10	3000
10	3000
10	10000
10	6000
10	2000
10	2000
10	2000
10	2000
10	2000
10	3000
10	4000
10	3000
10	3000
10	2000
10	4000
10	3000
10	2000
10	6000
10	1000
10	3000
10	4000
10	2000
10	3000
10	1000
10	3000
10	10000
10	7000
10	6000
10	2000
10	3000
10	6000
10	6000
10	4000
10	8000
10	7000
10	3000
10	2000
10	5000
10	4000
10	1000
10	3000
10	2000
10	6000
10	2000
10	3000
10	5000
10	2000
10	2000
10	5000
10	4000
10	6000
10	12000
10	7000
10	6000
10	5000
10	6000
10	2000
10	2000
10	6000
10	3000
10	4000
10	6000
10	2000
10	3000
10	2000
10	2000
10	4000
10	3000
10	4000
10	2000
10	2000
10	3000
10	6000
10	6000
10	1000
10	11000
10	2000
10	6000
10	3000
10	2000
10	5000
10	3000
10	3000
10	3000
10	4000
10	2000
10	2000
10	1000
10	3000
10	12000
10	5000
10	2000
10	4000
10	4000
10	4000
10	5000
10	3000
10	2000
10	10000
10	6000
10	5000
10	1000
10	7000
10	3000
10	3000
10	1000
10	2000
10	6000
10	2000
10	24000
10	1000
10	9000
10	2000
10	6000
10	2000
10	2000
10	4000
10	2000
10	7000
10	4000
10	2000
10	3000
10	16000
10	4000
10	8000
10	8000
10	2000
10	3000
10	5000
10	4000
10	5000
10	3000
10	2000
10	6000
10	3000
10	2000
10	7000
10	2000
10	2000
10	5000
10	2000
10	3000
10	2000
10	2000
10	1000
10	2000
10	3000
10	2000
10	6000
10	4000
10	2000
10	4991
10	2000
10	3000
10	5000
10	2000
10	1000
10	3000
10	2000
10	3000
10	3000
10	3000
10	10000
10	9000
10	2000
10	1000
10	4000
10	5000
10	3000
10	2000
10	7000
10	2000
10	4000
10	2000
10	8000
10	5000
10	6000
10	4000
10	6000
10	1000
10	5000
10	2000
10	4000
10	4000
10	6000
10	10000
10	1000
10	5000
10	2000
10	3000
10	2000
10	2000
10	2000
10	3000
10	3000
10	4000
10	7000
10	3000
10	3000
10	4000
10	2000
10	6000
10	2000
10	3000
10	2000
10	3000
10	2000
10	3000
10	5000
10	2000
10	2000
10	3000
10	2000
10	10000
10	4000
10	5000
10	3000
10	4000
10	7000
10	3000
10	2000
10	6000
10	2000
10	3000
10	2000
10	8000
10	4000
10	5000
10	2000
10	5000
10	9000
10	1000
10	1000
10	2000
10	1000
10	3000
10	3000
10	4000
10	6000
10	2000
10	1000
10	3000
10	13000
10	3000
10	7000
10	7000
10	4000
10	2000
10	7000
10	4000
10	6000
10	7000
10	3000
10	7000
10	12000
10	5000
10	1000
10	6000
10	4000
10	3000
10	5000
10	2000
10	2000
10	2000
10	3000
10	7000
10	4000
10	5000
10	5000
10	11000
10	6000
10	5000
10	8000
10	10000
10	3000
10	5000
10	2000
10	2000
10	3000
10	2000
10	6000
10	5000
10	7000
10	4000
10	8000
10	5000
10	3000
10	3000
10	4000
10	3000
10	2000
10	3000
10	2000
10	5000
10	3000
10	3000
10	4000
10	2000
10	2000
10	2000
10	8000
10	1000
10	4000
10	4000
10	5000
10	1000
10	7000
10	4000
10	2000
10	4000
10	2000
10	2000
10	2000
10	1000
10	3000
10	2000
10	3000
10	1000
10	3000
10	3000
10	2000
10	3000
10	2000
10	3000
10	2000
10	6000
10	3000
10	1000
10	1000
10	1000
10	2000
10	1000
10	2000
10	7000
10	3000
10	5000
10	2000
10	5000
10	7000
10	2000
10	8000
10	3000
10	2000
10	4000
10	3000
10	2000
10	2000
10	6000
10	2000
10	3000
10	4000
10	7000
10	4000
10	3000
10	5000
10	5000
10	13000
10	14000
10	4000
10	3000
10	10000
10	3000
10	6000
10	3000
10	6000
10	2000
10	4000
10	2000
10	3000
10	3000
10	2000
10	27000
10	4000
10	4000
10	4000
10	9000
10	2000
10	9000
10	2000
10	6000
10	2000
10	5000
10	3000
10	1000
10	5000
10	3000
10	1000
10	2000
10	3000
10	7000
10	4000
10	5000
10	7000
10	7000
10	2000
10	7000
10	3000
10	3000
10	4000
10	2000
10	3000
10	2000
10	3000
10	6000
10	1000
10	3000
10	2000
10	3000
10	1000
10	2000
10	2000
10	2000
10	2000
10	3000
10	6000
10	3000
10	4000
10	2000
10	4000
10	2000
10	4000
10	4000
10	10000
10	6000
10	2000
10	3000
10	10000
10	4000
10	8000
10	9000
10	3000
10	3000
10	2000
10	6000
10	3000
10	3000
10	2000
10	2000
10	9000
10	4000
10	3000
10	3000
10	5000
10	5000
10	2000
10	1000
10	6000
10	1000
10	5000
10	4000
10	5000
10	4000
10	8000
10	2000
10	4000
10	15000
10	3000
10	1000
10	3000
10	6000
10	15000
10	6000
10	7000
10	5000
10	2000
10	8000
10	8000
10	7000
10	3000
10	4000
10	3000
10	12000
10	4000
10	11000
10	4000
10	2000
10	6000
10	3000
10	3000
10	14000
10	9000
10	27000
10	4000
10	9000
10	5000
10	5000
10	4000
10	3000
10	4000
10	2000
10	2000
10	8000
10	5000
10	3000
10	9000
10	5000
10	9000
10	7000
10	3000
10	6000
10	3000
10	6000
10	2000
10	5000
10	6000
10	5000
10	3000
10	2000
10	11000
10	9000
10	5000
10	5000
10	2000
10	9000
10	4000
10	1000
10	3000
10	3000
10	2000
10	2000
10	2000
10	5000
10	3000
10	4000
10	9000
10	3000
10	3000
10	11000
10	3000
10	5000
10	2000
10	3000
10	1000
10	6000
10	5000
10	2000
10	6000
10	2000
10	20000
10	17000
10	12000
10	5000
10	5000
10	4000
10	6000
10	6000
10	9000
10	4000
10	2000
10	7000
10	8000
10	7000
10	4000
10	4000
10	4000
10	8000
10	7000
10	11000
10	7000
10	2000
10	2000
10	8000
10	2000
10	7000
10	4000
10	3000
10	3000
10	11000
10	6000
10	6000
10	6000
10	8000
10	3000
10	15000
10	2000
10	2000
10	2000
10	7000
10	3000
10	5000
10	2000
10	5000
10	3000
10	3000
10	2000
10	2000
10	2000
10	7000
10	10000
10	2000
10	13000
10	9000
10	13000
10	5000
10	9000
10	3000
10	7000
10	2000
10	7000
10	9000
10	8000
10	6000
10	13000
10	9000
10	4000
10	2000
10	7000
10	9000
10	7000
10	2000
10	8000
10	5000
10	4000
10	2000
10	7000
10	7000
10	5000
10	11000
10	7000
10	5000
10	4000
10	5000
10	8000
10	5000
10	10000
10	5000
10	2000
10	14000
10	3000
10	2000
10	5000
10	3000
10	8000
10	1000
10	5000
10	2000
10	10000
10	4000
10	3000
10	2000
10	2000
10	3000
10	4000
10	4000
10	2000
10	4000
10	10000
10	2000
10	2000
10	2000
10	5000
10	2000
10	2000
10	2000
10	4000
10	2000
10	3000
10	3000
10	2000
10	5000
10	5000
10	1000
10	2000
10	1000
10	2000
10	2000
10	2000
10	3000
10	4000
10	4000
10	3000
10	4000
10	6000
10	5000
10	4000
10	1000
10	4000
10	12000
10	4000
10	5000
10	4000
10	1000
10	4000
10	1000
10	1000
10	4000
10	12000
10	10000
10	4000
10	2000
10	2000
10	5000
10	4000
10	1000
10	3000
10	2000
10	3000
10	8000
10	7000
10	4000
10	3000
10	3000
10	6000
10	5000
10	2000
10	5000
10	9000
10	4000
10	2000
10	4000
10	5000
10	3000
10	8000
10	4000
10	2000
10	6000
10	4000
10	3000
10	2000
10	2000
10	9000
10	2000
10	9000
10	4000
10	3000
10	3000
10	3000
10	6000
10	16000
10	1000
10	1000
10	6000
10	3000
10	9000
10	6000
10	6000
10	2000
10	2000
10	2000
10	5000
10	4000
10	15000
10	2000
10	8000
10	17000
10	2000
10	2000
10	8000
10	4000
10	7000
10	6000
10	3000
10	8000
10	1000
10	3000
10	4000
10	3000
10	2000
10	9000
10	3000
10	2000
10	3000
10	2000
10	2000
10	4000
10	4000
10	2000
10	3000
10	7000
10	3000
10	2000
10	8000
10	3000
10	2000
10	1000
10	4000
10	1000
10	3000
10	2000
10	1000
10	2000
10	6000
10	2000
10	4000
10	2000
10	2000
10	2000
10	3000
10	3000
10	3000
10	1000
10	6000
10	2000
10	2000
10	2000
10	4000
10	3000
10	2000
10	1000
10	3000
10	3000
10	1000
10	7000
10	2000
10	2000
10	4000
10	5000
10	3000
10	2000
10	1000
10	3000
10	4000
10	2000
10	4000
10	2000
10	4000
10	6000
10	6000
10	3000
10	4000
10	4000
10	4000
10	6000
10	15000
10	3000
10	2000
10	4000
10	11000
10	10000
10	9000
10	7000
10	7000
10	2000
10	25000
10	3000
10	6000
10	3000
10	3000
10	7000
10	7000
10	2000
10	3000
10	5000
10	7000
10	5000
10	2000
10	6000
10	2000
10	3000
10	9000
10	4000
10	2000
10	1000
10	3000
10	6000
10	4000
10	2000
10	2000
10	2000
10	4000
10	2000
10	2000
10	3000
10	4000
10	3000
10	2000
10	1000
10	5000
10	3000
10	7000
10	2000
10	3000
10	2000
10	3000
10	4000
10	4000
10	2000
10	2000
10	2000
10	3000
10	2000
10	2000
10	5000
10	4000
10	4000
10	2000
10	2000
10	7000
10	1000
10	4000
10	6000
10	1000
10	3000
10	7000
10	6000
10	3000
10	2000
11	3000
11	5000
11	2000
11	2000
11	2000
11	4000
11	4000
11	2000
11	2000
11	2000
11	4000
11	2000
11	3000
11	2000
11	2000
11	2000
11	4000
11	2000
11	3000
11	2000
11	1000
11	2000
11	4000
11	2000
11	3000
11	2000
11	2000
11	2000
11	4000
11	2000
11	2000
11	2000
11	3000
11	2000
11	2000
11	5000
11	2000
11	2000
11	2000
11	2000
11	2000
11	3000
11	4000
11	2000
11	2000
11	5000
11	2000
11	2000
11	2000
11	5000
11	2000
11	4000
11	2000
11	2000
11	6000
11	2000
11	2000
11	2000
11	2000
11	3000
11	3000
11	2000
11	2000
11	3000
11	4000
11	7000
11	2000
11	8000
11	2000
11	2000
11	2000
11	2000
11	2000
11	2000
11	2000
11	2000
11	2000
11	4000
11	2000
11	2000
11	2000
11	2000
11	2000
11	2000
11	2000
11	2000
11	2000
11	2000
11	2000
11	3000
11	2000
11	3000
11	4000
11	2000
11	4000
11	2000
11	2000
11	2000
11	2000
11	2000
11	2000
11	2000
11	2000
11	2000
11	2000
11	2000
11	2000
11	3000
11	2000
11	2000
11	2000
11	2000
11	2000
11	2000
11	2000
11	2000
11	3000
11	2000
11	2000
11	2000
11	4000
11	2000
11	2000
11	2000
11	3000
11	2000
11	4000
11	2000
11	3000
11	2000
11	2000
11	3000
11	2000
11	3000
11	2000
11	3000
11	2000
11	2000
11	2000
11	2000
11	3000
11	5000
11	3000
11	2000
11	2000
11	2000
11	2000
11	2000
11	3000
11	2000
11	2000
11	2000
11	2000
11	2000
11	2000
11	3000
11	2000
11	2000
11	2000
11	3000
11	2000
11	2000
11	3000
11	2000
11	2000
11	3000
11	2000
11	2000
11	2000
11	2000
11	2000
11	4000
11	2000
11	2000
11	2000
11	2000
11	2000
11	2000
11	3000
11	2000
11	2000
11	2000
11	2000
11	2000
11	4000
11	2000
11	2000
11	2000
11	2000
11	3000
11	3000
11	2000
11	2000
11	2000
11	4000
11	3000
11	2000
11	2000
11	2000
11	2000
11	3000
11	2000
11	2000
11	2000
11	3000
11	2000
11	3000
11	2000
11	3000
11	2000
11	3000
11	2000
11	3000
11	2000
11	2000
11	2000
11	4000
11	2000
11	2000
11	2000
11	2000
11	2000
11	2000
11	2000
11	3000
11	2000
11	2000
11	3000
11	3000
11	2000
11	2000
11	2000
11	2000
11	6000
11	2000
11	4000
11	2000
11	2000
11	2000
11	3000
11	2000
11	5000
11	3000
11	2000
11	3000
11	6000
11	4000
11	4000
11	2000
11	4000
11	2000
11	2000
11	2000
11	7000
11	2000
11	2000
11	2000
11	2000
11	3000
11	2000
11	2000
11	2000
11	2000
11	4000
11	3000
11	3000
11	2000
11	3000
11	5000
11	2000
11	2000
11	3000
11	2000
11	2000
11	2000
11	2000
11	2000
11	4000
11	2000
11	3000
11	2000
11	2000
11	2000
11	4000
11	6000
11	2000
11	2000
11	4000
11	4000
11	5000
11	3000
11	5000
11	2000
11	2000
11	3000
11	5000
11	2000
11	2000
11	2000
11	5000
11	3000
11	3000
11	2000
11	3000
11	3000
11	3000
11	5000
11	2000
11	5000
11	2000
11	2000
11	2000
11	3000
11	2000
11	2000
11	2000
11	2000
11	2000
11	2000
11	2000
11	2000
11	2000
11	4000
11	4000
11	2000
11	2000
11	2000
11	2000
11	2000
11	3000
11	2000
11	4000
11	2000
11	4000
11	2000
11	2000
11	2000
11	4000
11	2000
11	2000
11	2000
11	2000
11	2000
11	2000
11	2000
11	2000
11	2000
11	3000
11	2000
11	6000
11	3000
11	2000
11	2000
11	3000
11	2000
11	2000
11	2000
11	2000
11	3000
11	3000
11	2000
11	2000
11	3000
11	2000
11	3000
11	2000
11	8000
11	2000
11	2000
11	2000
11	2000
11	2000
11	3000
11	2000
11	3000
11	2000
11	4000
11	2000
11	2000
11	2000
11	5000
11	4000
11	2000
11	2000
11	2000
11	4000
11	2000
11	5000
11	2000
11	5000
11	2000
11	3000
11	2000
11	2000
11	2000
11	2000
11	2000
11	2000
11	2000
11	4000
11	3000
11	2000
11	3000
11	1000
11	2000
11	2000
11	2000
11	2000
11	2000
11	2000
11	2000
11	2000
11	2000
11	2000
11	2000
11	3000
11	2000
11	2000
11	4000
11	5000
11	2000
11	2000
11	2000
11	3000
11	2000
11	2000
11	2000
11	6000
11	3000
11	2000
11	2000
11	6000
11	2000
11	3000
11	2000
11	3000
11	2000
11	2000
11	2000
11	2000
11	2000
11	3000
11	2000
11	2000
11	2000
11	2000
11	3000
11	2000
11	1590
7	2000
7	6000
7	4000
7	6000
7	6000
7	2000
7	2000
7	3000
7	1000
7	1000
7	1000
7	2000
7	3000
7	2000
7	3000
7	4000
7	1000
7	1000
7	8000
7	15000
7	1000
7	11000
7	6000
7	1000
7	13000
7	14000
7	11000
7	15000
7	3000
7	4000
7	7000
7	1000
7	4000
7	2000
7	2000
7	8000
7	9000
7	4000
7	3000
7	3000
7	4000
7	12000
7	3000
7	3000
7	23000
7	14000
7	6000
7	15000
7	21000
7	11000
7	2000
7	7000
7	3000
7	3000
7	2000
7	3000
7	9000
7	3000
7	4000
7	5000
7	13000
7	7000
7	7000
7	3000
7	5000
7	10000
7	4000
7	4000
7	2000
7	2000
7	3000
7	8000
7	2000
7	2000
7	2000
7	2000
7	1000
7	9000
7	5000
7	2000
7	2000
7	10000
7	7000
7	3000
7	4000
7	3000
7	2000
7	4000
7	2000
7	3000
7	2000
7	1000
7	4000
7	7000
7	3000
7	6000
7	4000
7	6000
7	3000
7	3000
7	4000
7	5000
7	2000
7	3000
7	3000
7	5000
7	4000
7	6000
7	4000
7	4000
7	2000
7	2000
7	7000
7	3000
7	3000
7	3000
7	3000
7	5000
7	11000
7	3000
7	4000
7	2000
7	6000
7	4000
7	3000
7	6000
7	5000
7	2000
7	3000
7	3000
7	3000
7	4000
7	2000
7	4000
7	2000
7	4000
7	2000
7	3000
7	4000
7	1000
7	2000
7	3000
7	5000
7	5000
7	1000
7	3000
7	2000
7	2000
7	3000
7	3000
7	4000
7	4000
7	2000
7	2000
7	2000
7	2000
7	6000
7	2000
7	6000
7	2000
7	2000
7	2000
7	2000
7	4000
7	9000
7	2000
7	3000
7	5000
7	4000
7	4000
7	4000
7	3000
7	5000
7	4000
7	2000
7	6000
7	2000
7	2000
7	3000
7	4000
7	4000
7	2000
7	1000
7	3000
7	1000
7	2000
7	2000
7	3000
7	2000
7	2000
7	11000
7	5000
7	2000
7	2000
7	2000
7	4000
7	3000
7	2000
7	2000
7	4000
7	3000
7	4000
7	2000
7	2000
7	3000
7	1000
7	10000
7	3000
7	1000
7	6000
7	4000
7	3000
7	3000
7	4000
7	2000
7	2000
7	7000
7	1000
7	4000
7	2000
7	6000
7	2000
7	2000
7	2000
7	8000
7	2000
7	3000
7	6000
7	5000
7	4000
7	3000
7	4000
7	5000
7	3000
7	2000
7	3000
7	6000
7	2000
7	12000
7	4000
7	2000
7	2000
7	4000
7	3000
7	3000
7	1000
7	6000
7	3000
7	3000
7	5000
7	5000
7	1000
7	2000
7	8000
7	4000
7	3000
7	3000
7	2000
7	1000
7	4000
7	9000
7	3000
7	4000
7	2000
7	5000
7	2000
7	2000
7	1000
7	3000
7	3000
7	3000
7	1000
7	3000
7	2000
7	2000
7	2000
7	1000
7	3000
7	4000
7	2000
7	2000
7	5000
7	3000
7	4000
7	4000
7	5000
7	8000
7	2000
7	3000
7	5000
7	5000
7	2000
7	2000
7	2000
7	4000
7	3000
7	2000
7	4000
7	3000
7	3000
7	1000
7	2000
7	1000
7	2000
7	2000
7	2000
7	2000
7	3000
7	3000
7	4000
7	3000
7	3000
7	2000
7	3000
7	6000
7	2000
7	1000
7	3000
7	3000
7	8000
7	1000
7	2000
7	4000
7	4000
7	2000
7	5000
7	3000
7	4000
7	10000
7	2000
7	2000
7	3000
7	4000
7	2000
7	1000
7	6000
7	3000
7	2000
7	2000
7	4000
7	3000
7	2000
7	5000
7	14000
7	2000
7	7000
7	4000
7	2000
7	2000
7	4000
7	4000
7	4000
7	2000
7	2000
7	3000
7	7000
7	2000
7	5000
7	9000
7	4000
7	4000
7	3000
7	6000
7	3000
7	3000
7	5000
7	4000
7	5000
7	4000
7	17000
7	4000
7	8000
7	8000
7	2000
7	7000
7	3000
7	5000
7	14000
7	6000
7	4000
7	19000
7	4000
7	15000
7	4000
7	2000
7	2000
7	7000
7	7000
7	5000
7	5000
7	3000
7	3000
7	5000
7	3000
7	1000
7	10000
7	6000
7	22000
7	5000
7	9000
7	5000
7	3000
7	4000
7	3000
7	3000
7	6000
7	2000
7	3000
7	3000
7	7000
7	2000
7	2000
7	4000
7	11000
7	5000
7	3000
7	14000
7	1000
7	7000
7	20000
7	10000
7	4000
7	9000
7	13000
7	5000
7	9000
7	3000
7	7000
7	3000
7	5000
7	5000
7	8000
7	2000
7	4000
7	12000
7	3000
7	4000
7	10000
7	2000
7	4000
7	2000
7	3000
7	3000
7	6000
7	13000
7	4000
7	6000
7	6000
7	5000
7	4000
7	3000
7	4000
7	6000
7	2000
7	1000
7	6000
7	2000
7	2000
7	2000
7	5000
7	3000
7	3000
7	4000
7	4000
7	1000
7	3000
7	2000
7	3000
7	5000
7	3000
7	3000
7	1000
7	3000
7	2000
7	2000
7	6000
7	2000
7	3000
7	7000
7	4000
7	6000
7	2000
7	4000
7	2000
7	6000
7	2000
7	3000
7	1000
7	4000
7	7000
7	8000
7	4000
7	2000
7	5000
7	8000
7	1000
7	2000
7	4000
7	3000
7	7000
7	1000
7	2000
7	2000
7	2000
7	12000
7	3000
7	2000
7	6000
7	2000
7	3000
7	3000
7	2000
7	6000
7	4000
7	3000
7	2000
7	2000
7	1000
7	4000
7	6000
7	5000
7	8000
7	3000
7	3000
7	2000
7	4000
7	6000
7	4000
7	2000
7	1000
7	8000
7	3000
7	3000
7	1000
7	3000
7	1000
7	6000
7	6000
7	8000
7	3000
7	2000
7	1000
7	2000
7	3000
7	2000
7	3000
7	2000
7	7000
7	2000
7	3000
7	1000
7	2000
7	4000
7	1000
7	4000
7	5000
7	6000
7	2000
7	2000
7	6000
7	17000
7	6000
7	8000
7	4000
7	3000
7	2000
7	4000
7	4000
7	3000
7	6000
7	2000
7	6000
7	2000
7	3000
7	1000
7	5000
7	3000
7	5000
7	13000
7	2000
7	2000
7	3000
7	3000
7	2000
7	2000
7	3000
7	1000
7	3000
7	10000
7	3000
7	24000
7	3000
7	5000
7	3000
7	3000
7	3000
7	23000
7	4000
7	7000
7	3000
7	2000
7	3000
7	3000
7	4000
7	6000
7	4000
7	4000
7	6000
7	3000
7	2000
7	4000
7	11000
7	11000
7	9000
7	8000
7	5000
7	4000
7	4000
7	14000
7	2000
7	4000
7	4000
7	3000
7	2000
7	4000
7	12000
7	8000
7	6000
7	3000
7	8000
7	3000
7	2000
7	3000
7	2000
7	2000
7	9000
7	6000
7	3000
7	4000
7	5000
7	12000
7	3000
7	8000
7	2000
7	2000
7	7000
7	6000
7	2000
7	2000
7	7000
7	5000
7	2000
7	3000
7	4000
7	11000
7	3000
7	3000
7	3000
7	3000
7	3000
7	3000
7	3000
7	10000
7	2000
7	1000
7	3000
7	2000
7	5000
7	6000
7	3000
7	1000
7	3000
7	3000
7	5000
7	5000
7	5000
7	1000
7	1000
7	6000
7	6000
7	4000
7	2000
7	3000
7	3000
7	3000
7	7000
7	5000
7	3000
7	3000
7	4000
7	1000
7	1000
7	2000
7	8000
7	4000
7	2000
7	3000
7	3000
7	2000
7	5000
7	3000
7	2000
7	1000
7	3000
7	3000
7	6000
7	3000
7	2000
7	5000
7	7000
7	2000
7	1000
7	6000
7	4000
7	3000
7	3000
7	5000
7	2000
7	8000
7	2000
7	2000
7	2000
7	4000
7	2000
7	3000
7	3000
7	2000
7	2000
7	3000
7	2000
7	12000
7	3000
7	5000
7	4000
7	5000
7	3000
7	5000
7	2000
7	1000
7	6000
7	4000
7	4000
7	4000
7	2000
7	2000
7	2000
7	4000
7	3000
7	2000
7	3000
7	1000
7	2000
7	7000
7	4000
7	4000
7	5000
7	4000
7	1000
7	7000
7	4000
7	3000
7	1000
7	2000
7	3000
7	4000
7	1000
7	2000
7	4000
7	3000
7	3000
7	5000
7	9000
7	2000
7	3000
7	2000
7	3000
7	2000
7	4000
7	2000
7	2000
7	3000
7	1000
7	3000
7	2000
7	5000
7	6000
7	1000
7	3000
7	2000
7	9000
7	2000
7	3000
7	2000
7	2000
7	1000
7	2000
7	5000
7	3000
7	2000
7	2000
7	5000
7	2000
7	6000
7	2000
7	2000
7	3000
7	6000
7	2000
7	3000
7	3000
7	2000
7	1000
7	4000
7	3000
7	3000
7	3000
7	1000
7	2000
7	2000
7	2000
7	2000
7	4000
7	3000
7	2000
7	1000
7	6000
7	4000
7	2000
7	3000
7	2000
7	1000
7	5000
7	3000
7	3000
7	5000
7	5000
7	1000
7	2000
7	3000
7	8000
7	11000
7	5000
7	4000
7	4000
7	27000
7	5000
7	14000
7	10000
7	11000
7	2000
7	1000
7	12000
7	11000
7	8000
7	3000
7	11000
7	39000
7	8000
7	11000
7	12000
7	8000
7	8000
7	6000
7	13000
7	4000
7	5000
7	16000
7	12000
7	23000
7	6000
7	22000
7	11000
7	20000
7	9000
7	19000
7	4000
7	19000
7	2000
7	3000
7	2000
7	4000
7	2000
7	2000
7	1000
7	2000
7	3000
7	3000
7	2000
7	3000
7	9000
7	5000
7	2000
7	2000
7	3000
7	4000
7	3000
7	8000
7	9000
7	6000
7	5000
7	2000
7	5000
7	5000
7	1000
7	5000
7	2000
7	4000
7	2000
7	4000
7	3000
7	3000
7	3000
7	11000
7	3000
7	7000
7	2000
7	4000
7	7000
7	3000
7	3000
7	3000
7	3000
7	8000
7	2000
7	10000
7	2000
7	2000
7	2000
7	3000
7	4000
7	2000
7	3000
7	2000
7	3000
7	3000
7	2000
7	2000
7	3000
7	2000
7	4000
7	2000
7	4000
7	2000
7	3000
7	3000
7	1000
7	3000
7	2000
7	1000
7	4000
7	5000
7	3000
7	3000
7	3000
7	4000
7	2000
7	4000
7	10000
7	3000
7	2000
7	1000
7	4000
7	1000
7	11000
7	12000
7	1000
7	3000
7	4000
7	3000
7	2000
7	4000
7	1000
7	2000
7	3000
7	2000
7	2000
7	4000
7	1000
7	3000
7	2000
7	2000
7	4000
7	1000
7	3000
7	2000
7	7000
7	2000
7	3000
7	2000
7	4000
7	2000
7	3000
7	3000
7	3000
7	3000
7	1000
7	3000
7	9000
7	1000
7	2000
7	1000
7	3000
7	2000
7	3000
7	3000
7	8000
7	2000
7	1000
7	2000
7	2000
7	2000
7	3000
7	3000
7	1000
7	4000
7	1000
7	15000
7	4000
7	6000
7	2000
7	5000
7	2000
7	3000
7	2000
7	4000
7	2000
7	5000
7	5000
7	2000
7	2000
7	2000
7	5000
7	3000
7	2000
7	5000
7	3000
7	7000
7	2000
7	3000
7	8000
7	1000
7	6000
7	4000
7	3000
7	2000
7	3000
7	3000
7	3000
7	1000
7	4000
7	4000
7	5000
7	6000
7	3000
7	1000
7	3000
7	3000
7	6000
7	4000
7	7000
7	7000
7	4000
7	4000
7	3000
7	4000
7	4000
7	3000
7	4000
7	3000
7	2000
7	2000
7	2000
7	2000
7	6000
7	5000
7	3000
7	11000
7	5000
7	5000
7	4000
7	3000
7	4000
7	8000
7	8000
7	3000
7	4000
7	3000
7	3000
7	3000
7	5000
7	2000
7	7000
7	5000
7	2000
7	3000
7	5000
7	10000
7	3000
7	3000
7	11000
7	2000
7	2000
7	2000
7	1000
7	4000
7	1000
7	2000
7	2000
7	6000
7	2000
7	5000
7	2000
7	3000
7	5000
7	2000
7	2000
7	2000
7	3000
7	1000
7	2000
7	2000
7	1000
7	1000
7	2000
7	2000
7	3000
7	2000
7	1000
7	8000
7	1000
7	4000
7	3000
7	21000
7	2000
7	5000
7	3000
7	2000
7	1000
7	5000
7	9000
7	13000
7	9000
7	5000
7	2000
7	3000
7	10000
7	5000
7	2000
7	3000
7	3000
7	4000
7	8000
7	1000
7	6000
7	1000
7	5000
7	8000
7	4000
7	7000
7	11000
7	4000
7	5000
7	4000
7	6000
7	2000
7	4000
7	3000
7	7000
7	7000
7	3000
7	3000
7	1000
7	5000
7	5000
7	4000
7	4000
7	1000
7	3000
7	7000
7	10000
7	4000
7	4000
7	8000
7	3000
7	11000
7	2000
7	4000
7	2000
7	3000
7	4000
7	3000
7	4000
7	2000
7	1000
7	6000
7	4000
7	6000
7	2000
7	6000
7	2000
7	6000
7	3000
7	2000
7	2000
7	2000
7	4000
7	5000
7	4000
7	6000
7	7000
7	2000
7	6000
7	3000
7	10000
7	3000
7	2000
7	1000
7	6000
7	3000
7	1000
7	4000
7	4000
7	6000
7	4000
7	7000
7	3000
7	1000
7	2000
7	2000
7	5000
7	1000
7	3000
7	4000
7	2000
7	4000
7	2424
7	1000
7	17000
7	3000
7	4000
7	2000
7	14000
7	3000
7	3000
7	3000
7	3000
7	7000
7	2000
7	4000
7	3000
7	2000
7	2000
7	2000
7	1000
7	2000
7	3000
7	3000
7	2000
7	3000
7	1000
7	2000
7	1000
7	2000
7	3000
7	9000
7	6000
7	2000
7	10000
7	2000
7	3000
7	3000
7	8000
7	7000
7	4000
7	4000
7	2000
7	2000
7	3000
7	3000
7	2000
7	5000
7	4000
7	5000
7	5000
7	8000
7	4000
7	3000
7	2000
7	1000
7	2000
7	9000
7	2000
7	3000
7	4000
7	2000
7	14000
7	5000
7	3000
7	2000
7	4000
7	3000
7	3000
7	2000
7	2000
7	3000
7	5000
7	2000
7	2000
7	2000
7	7000
7	1000
7	3000
7	3000
7	2000
7	1000
7	9000
7	2000
7	2000
7	2000
7	2000
7	2000
7	2000
7	1000
7	6000
7	1000
7	3000
7	1000
7	3000
7	4000
7	4000
7	1000
7	1000
7	3000
7	3000
7	4000
7	6000
7	4000
7	5000
7	5000
7	3000
7	4000
7	2000
7	4000
7	3000
7	3000
7	3000
7	4000
7	7000
7	2000
7	2000
7	5000
7	4000
7	2000
7	2000
7	5000
7	2000
7	2000
7	2000
7	2000
7	1000
7	5000
7	2000
7	5000
7	2000
7	1000
7	2000
7	4000
7	3000
7	5000
7	1000
7	4000
7	2000
7	3000
7	5000
7	2000
7	2000
7	1000
7	2000
7	2000
7	4000
7	4000
7	1000
7	4000
7	2000
7	2000
7	2000
7	1000
7	3000
7	1000
7	1000
7	4000
7	4000
7	4000
7	2000
7	6000
7	3000
7	3000
7	1000
7	3000
7	3000
7	1000
7	5000
7	11000
7	2000
7	2000
7	1000
7	5000
7	4000
7	3000
7	3000
7	3000
7	1000
7	3000
7	3000
7	3000
7	4000
7	1000
7	2000
7	4000
7	1000
7	2000
7	2000
7	2000
7	2000
7	2000
7	4000
7	2000
7	2000
7	2000
7	1000
7	1000
7	1000
7	2000
7	2000
7	3000
7	2000
7	3000
7	1000
7	2000
7	3000
7	20000
7	24000
7	2000
7	2000
7	6000
7	3000
7	5000
7	1000
7	5000
7	1000
7	3000
7	2000
7	3000
7	6000
7	8000
7	9000
7	4000
7	2000
7	2000
7	4000
7	8000
7	2000
7	4000
7	3000
7	3000
7	3000
7	2000
7	2000
7	2000
7	7000
7	7000
7	3000
7	2000
7	4000
7	2000
7	6000
7	4000
7	4000
7	2000
7	3000
7	2000
7	4000
7	5000
7	1000
7	2000
7	4000
7	2000
7	4000
7	4000
7	4000
7	2000
7	4000
7	4000
7	3000
7	3000
7	3000
7	2000
7	3000
7	11000
7	12000
7	6000
7	4000
7	4000
7	3000
7	3000
7	10000
7	2000
7	2000
7	5000
7	2000
7	4000
7	1000
7	9000
7	4000
7	1000
7	4000
7	8000
7	5000
7	7000
7	2000
7	4000
7	3000
7	2000
7	2000
7	7000
7	3000
7	6000
7	2000
7	3000
7	2000
7	2000
7	12000
7	4000
7	3000
7	7000
7	4000
7	9000
7	3000
7	2000
7	3000
7	3000
7	3000
7	6000
7	4000
7	4000
7	3000
7	3000
7	3000
7	3000
7	3000
7	7000
7	7000
7	6000
7	4000
7	5000
7	11000
7	1000
7	9000
7	4000
7	3000
7	7000
7	4000
7	1000
7	2000
7	3000
7	6000
7	13000
7	2000
7	2000
7	1000
7	12000
7	1000
7	3000
7	4000
7	6000
7	3000
7	3000
7	3000
7	3000
7	1000
7	2000
7	2000
7	2000
7	2000
7	5000
7	3000
7	6000
7	4000
7	2000
7	2000
7	3000
7	3000
7	4000
7	3000
7	2000
7	4000
7	2000
7	3000
7	5000
7	3000
7	2000
7	3000
7	6000
7	2000
7	4000
7	3000
7	11000
7	4000
7	3000
7	5000
7	1000
7	2000
7	2000
7	1000
7	3000
7	1000
7	5000
7	3000
7	2000
7	9000
7	2000
7	6000
7	2000
7	8000
7	3000
7	11000
7	3000
7	2000
7	3000
7	2000
7	7000
7	3000
7	1000
7	1000
7	4000
7	2000
7	3000
7	3000
7	2000
7	2000
7	2000
7	4000
4	2000
4	3000
4	2000
4	2000
4	2000
4	2000
4	3000
4	2000
4	4000
4	2000
4	2000
4	2000
4	2000
4	2000
4	2000
4	2000
4	2000
4	4000
4	2000
4	4000
4	2000
4	3000
4	2000
4	4000
4	2000
4	2000
4	2000
4	2000
4	2000
4	2000
4	2000
4	2000
4	2000
4	2000
4	2000
4	2000
4	2000
4	2000
4	2000
4	2000
4	2000
4	3000
4	2000
4	3000
4	2000
4	2000
4	2000
4	3000
4	2000
4	3000
4	2000
4	2000
4	2000
4	2000
4	2000
4	2000
4	2000
4	3000
4	3000
4	2000
4	5000
4	3000
4	2000
4	6000
4	2000
4	2000
4	3000
4	4000
4	4000
4	2000
4	2000
4	2000
4	2000
4	2000
4	6000
4	2000
4	2000
4	7000
4	2000
4	2000
4	2000
4	2000
4	2000
4	2000
4	2000
4	2000
4	5000
4	2000
4	2000
4	3000
4	2000
4	2000
4	2000
4	2000
4	2000
4	2000
4	6000
4	2000
4	2000
4	2000
4	2000
4	2000
4	3000
4	3000
4	2000
4	2000
4	3000
4	2000
4	2000
4	2000
4	2000
4	2000
4	3000
4	3000
4	6000
4	2000
4	2000
4	2000
4	2000
4	2000
4	2000
4	2000
4	2000
4	3000
4	2000
4	2000
4	2000
4	3000
4	2000
4	2000
4	2000
4	2000
4	2000
4	2000
4	3000
4	2000
4	3000
4	2000
4	3000
4	2000
4	2000
4	2000
4	2000
4	2000
4	2000
4	2000
4	2000
4	2000
4	4000
4	5000
4	2000
4	2000
4	3000
4	4000
4	2000
4	2000
4	4000
4	2000
4	4000
4	2000
2	4000
2	2000
2	2000
2	3000
2	2000
2	2000
2	2000
2	2000
2	8000
2	4000
2	2000
2	8000
2	10000
2	4000
2	3000
2	2000
2	2000
2	2000
2	2000
2	2000
2	2000
2	5000
2	4000
2	6000
2	5000
2	3000
2	2000
2	3000
2	2000
2	4000
2	2000
2	2000
2	2000
2	2000
2	2000
2	3000
2	2000
2	4000
2	2000
2	2000
2	3000
2	2000
2	4000
2	3000
2	6000
2	2000
2	3000
2	4000
2	3000
2	3000
2	2000
2	2000
2	2000
2	3000
2	3000
2	2000
2	1000
2	3000
2	3000
2	3000
2	2000
2	4000
2	5000
2	4000
2	3000
2	4000
2	3000
2	1002
2	2000
2	2000
2	2000
2	7000
2	8000
2	10000
2	3000
2	16000
2	2000
2	3000
2	2000
2	4000
2	2000
2	7000
2	4000
2	3000
2	2000
2	3000
2	10000
2	2000
2	3000
2	6000
2	2000
2	1000
2	5000
2	2000
2	4000
2	8000
2	2000
2	10000
2	2000
2	2000
2	5000
2	2000
2	2000
2	3000
2	2000
2	2000
2	3000
2	1000
2	3000
2	4000
2	2000
2	4000
2	2000
2	3000
2	3000
2	3000
2	5000
2	4000
2	5000
2	2000
2	13000
2	8000
2	2000
2	13000
2	3000
2	4000
2	5000
2	6000
2	4000
2	5000
2	3000
2	3000
2	2000
2	4000
2	3000
2	3000
2	2000
2	8000
2	8000
2	2000
2	3000
2	2000
2	3000
2	4000
2	4000
2	2000
2	10000
2	4000
2	3000
2	3000
2	4000
2	9000
2	2000
2	6000
2	3000
2	3000
2	2000
2	2000
2	5000
2	3000
2	4000
2	4000
2	2000
2	3000
2	10000
2	4000
2	4000
2	2000
2	24000
2	3000
2	18000
2	2000
2	3000
2	7000
2	3000
2	2000
2	2000
2	2000
2	7000
2	2000
2	7000
2	11000
2	5000
2	8000
2	15000
2	7000
2	8000
2	2000
2	2000
2	3000
2	3000
2	3000
2	5000
2	2000
2	1000
2	5000
2	2000
2	2000
2	2000
2	4000
2	4000
2	2000
2	6000
2	6000
2	3000
2	1000
2	4000
2	2000
2	4000
2	4000
2	4000
2	4000
2	5000
2	2000
2	3000
2	3000
2	4000
2	5000
2	2000
2	2000
2	3000
2	2000
2	18000
2	5000
2	4000
2	5000
2	3000
2	9000
2	6000
2	48000
2	7000
2	15000
2	13000
2	26000
2	6000
2	24000
2	15000
2	2000
2	64000
2	14000
2	11000
2	5000
2	13000
2	3000
2	6000
2	7000
2	21000
2	16000
2	18000
2	12000
2	21000
2	9000
2	27000
2	3000
2	2000
2	3000
2	2000
2	8000
2	3000
2	4000
2	4000
2	2000
2	2000
2	2000
2	3000
2	2000
2	2000
2	8000
1	2000
1	3000
1	2000
1	2000
1	5000
1	3000
1	2000
1	4000
1	3000
1	5000
1	4000
1	5000
1	4000
1	1000
1	3000
1	2000
1	2000
1	3000
1	7000
1	13000
1	1000
1	2000
1	3000
1	4000
1	3000
1	2000
1	2000
1	2000
1	2000
1	2000
1	1000
1	2000
1	7000
1	2000
1	2000
1	2000
1	3000
1	9000
1	3000
1	3000
1	2000
1	5000
1	3000
1	3000
1	2000
1	4000
1	7000
1	4000
1	4000
1	1000
1	3000
1	4000
1	4000
1	2000
1	4000
1	3000
1	2000
1	4000
1	15000
1	3000
1	5000
1	4000
1	5000
1	3000
1	3000
1	4000
1	3000
1	4000
1	17000
1	2000
1	3000
1	3000
1	6000
1	4000
1	2000
1	1000
1	4000
1	4000
1	8000
1	2000
1	1000
1	4000
1	12000
1	2000
1	2000
1	4000
1	7000
1	5000
1	1000
1	4000
1	7000
1	2000
1	4000
1	2000
1	3000
1	3000
1	3000
1	7000
1	7000
1	3000
1	3000
1	4000
1	5000
1	1000
1	9000
1	3000
1	4000
1	2000
1	3000
1	3000
1	3000
1	3000
1	4000
1	4000
1	3000
1	3000
1	1000
1	8000
1	2000
1	3000
1	5000
1	5000
1	3000
1	3000
1	1000
1	3000
1	4000
1	2000
1	3000
1	2000
1	4000
1	3000
1	2000
1	1000
1	2000
1	3000
1	2000
1	4000
1	4000
1	9000
1	2000
1	11000
1	2000
1	4000
1	2000
1	3000
1	2000
1	5000
1	7000
1	4000
1	2000
1	4000
1	6000
1	5000
1	3000
1	4000
1	2000
1	3000
1	2000
1	2000
1	4000
1	13000
1	5000
1	2000
1	6000
1	4000
1	2000
1	3000
1	2000
1	2000
1	5000
1	3000
1	9000
1	4000
1	10000
1	5000
1	3000
1	4000
1	2000
1	3000
1	3000
1	2000
1	2000
1	4000
1	2000
1	2000
1	3000
1	5000
1	2000
1	2000
1	2000
1	3000
1	3000
1	4000
1	3000
1	3000
1	3000
1	5000
1	2000
1	3000
1	7000
1	6000
1	4000
1	2000
1	3000
1	2000
1	5000
1	3000
1	2000
1	3000
1	2000
1	2000
1	3000
1	1000
1	2000
1	1000
1	2000
1	2000
1	2000
1	2000
1	2000
1	2000
1	1000
1	11000
1	7000
1	4000
1	3000
1	5000
1	3000
1	6000
1	4000
1	3000
1	4000
1	2000
1	14000
1	5000
1	2000
1	1000
1	2000
1	1000
1	2000
1	6000
1	5000
1	2000
1	5000
1	4000
1	5000
1	7000
1	4000
1	4000
1	1000
1	1000
1	4000
1	2000
1	5000
1	3000
1	2000
1	2000
1	2000
1	2000
1	3000
1	10000
1	2000
1	2000
1	2000
1	3000
1	2000
1	3000
1	3000
1	1999
1	2000
1	1000
1	3000
1	2000
1	4000
1	3000
1	2000
1	4000
1	5000
1	2000
1	2000
1	2000
1	2000
1	4000
1	2000
1	4000
1	2000
1	2000
1	2000
1	3000
1	3000
1	4000
1	3000
1	2000
1	4000
1	3000
1	3000
1	4000
1	2000
1	2000
1	3000
1	2000
1	2000
1	3000
1	2000
1	5000
1	3000
1	2000
1	3000
1	8000
1	3000
1	2000
1	4000
1	2000
1	4000
1	2000
1	3000
1	3000
1	2000
1	4000
1	5000
1	3000
1	3000
1	2000
1	3000
1	3000
1	2000
1	2000
1	2000
1	3000
1	2000
1	1000
1	3000
1	4000
1	2000
1	2000
1	3000
1	3000
1	2000
1	4000
1	3000
1	3000
1	7000
1	4000
1	4000
1	8000
1	3000
1	2000
1	3000
1	2000
1	2000
1	3000
1	3000
1	4000
1	1000
1	3000
1	2000
1	2000
1	1000
1	2000
1	2000
1	1000
1	3000
1	2000
1	2000
1	2000
1	2000
1	2000
1	2000
1	3000
1	2000
1	2000
1	2000
1	1000
1	4000
1	5000
1	2000
1	3000
1	64
1	2000
1	2000
1	5000
1	1000
1	2000
1	3000
1	4000
1	2000
1	3000
1	2000
1	4000
1	2000
1	3000
1	2000
1	2000
1	6000
1	6000
1	2000
1	2000
1	5000
1	3000
1	3000
1	2000
1	3000
1	2000
1	2000
1	2000
1	2000
1	3000
1	8000
1	5000
1	5000
1	2000
1	8000
1	1000
1	4000
1	5000
1	3000
1	5000
1	4000
1	4000
1	2000
1	8000
1	3000
1	2000
1	2000
1	2000
1	4000
1	2000
1	2000
1	2000
1	2000
1	6000
1	1000
1	5000
1	5000
1	2000
1	3000
1	2000
1	2000
1	2000
1	4000
1	986
1	2000
1	6000
1	2000
1	2000
1	2000
1	5000
1	7000
1	2000
1	3000
1	4000
1	2000
1	1000
1	1000
1	4000
1	2000
1	3000
1	3000
1	3000
1	3000
1	3000
1	4000
1	3000
1	1000
1	2000
1	2000
1	2000
1	3000
1	3000
1	7000
1	4000
1	2000
1	2000
1	6000
1	4000
1	4000
1	2000
1	2000
1	3000
1	1000
1	3000
1	5000
1	2000
1	1000
1	3000
1	1000
1	5000
1	3000
1	3000
1	3000
1	6000
1	5000
1	2000
1	5000
1	2000
1	2000
1	3000
1	2000
1	1000
1	13000
1	2000
1	4000
1	3000
1	2000
1	2000
1	2000
1	1000
1	1000
1	4000
1	3000
1	1000
1	3000
1	3000
1	3000
1	3000
1	2000
1	2000
1	3000
1	6000
1	2000
1	2000
1	4000
1	5000
1	7000
1	18000
1	7000
1	1000
1	4000
1	2000
1	3000
1	10000
1	5000
1	2000
1	4000
1	2000
1	3000
1	5000
1	2000
1	3000
1	3000
1	3000
1	2000
1	3000
1	5000
1	3000
1	1000
1	5000
1	5000
1	1000
1	4000
1	3000
1	1000
1	3000
1	3000
1	4000
1	2000
1	3000
1	2000
1	1000
1	2000
1	2000
1	2000
1	2000
1	4000
1	4000
1	5000
1	4000
1	3000
1	7000
1	16000
1	2000
1	4000
1	3000
1	2000
1	3000
1	12000
1	2000
1	3000
1	2000
1	3000
1	5000
1	2000
1	3000
1	5000
1	2000
1	2000
1	4000
1	2000
1	2000
1	2000
1	3000
1	4000
1	4000
1	17000
1	3000
1	4000
1	3000
1	2000
1	3000
1	1000
1	3000
1	3000
1	5000
1	4000
1	3000
1	3000
1	4000
1	6000
1	3000
1	2000
1	14000
1	13000
1	2000
1	12000
1	5000
1	4000
1	2000
1	2000
1	4000
1	2000
1	7000
1	7000
1	3000
1	2000
1	2000
1	4000
1	7000
1	2000
1	2000
1	2000
1	4000
1	7000
1	38000
1	16000
1	9000
1	22000
1	2000
1	2000
1	4000
1	2000
1	5000
1	2000
1	1000
1	2000
1	2000
1	3000
1	3000
1	5000
1	2000
1	4000
1	2000
1	3000
1	6000
1	3000
1	2000
1	6000
1	2000
1	3000
1	1000
1	2000
1	4000
1	5000
1	2000
1	5000
1	4000
1	6000
1	8000
1	11000
1	5000
1	1000
1	2000
1	3000
1	3000
1	5000
1	5000
1	2000
1	2000
1	2000
1	2000
1	1000
1	2000
1	11000
1	3000
1	3000
1	1000
1	1000
1	3000
1	4000
1	2000
1	4000
1	2000
1	4000
1	4000
1	4000
1	2000
1	2000
1	2000
1	1197
1	2000
1	3000
1	4000
1	2000
1	2000
1	2000
1	4000
1	5000
1	2000
1	2000
1	2000
1	4000
1	3000
1	2000
1	4000
1	3000
1	8000
1	4000
1	2000
1	2000
1	2000
1	6000
1	1000
1	6000
1	4000
1	13000
1	4000
1	11000
1	6000
1	1000
1	1000
1	6000
1	3000
1	3000
1	2000
1	2000
1	2000
1	2000
1	3000
1	2000
1	4000
1	2000
1	4000
1	3000
1	8000
1	3000
1	3000
1	7000
1	2000
1	5000
1	2000
1	9000
1	2000
1	6000
1	5000
9	4000
9	1000
9	2000
9	4000
9	9000
9	2000
9	4000
9	2000
9	5000
9	35000
9	5000
9	5000
9	15000
9	12000
9	8000
9	3000
9	17000
9	20000
9	15000
9	4000
9	3000
9	15000
9	14000
9	3000
9	30000
9	4000
9	10000
9	19000
9	5000
9	7000
9	3000
9	2000
9	4000
9	6000
9	11000
9	3000
9	2000
9	2000
9	3000
9	3000
9	1000
9	5000
9	4000
9	5000
9	6000
9	15000
9	3000
9	4000
9	6000
9	1000
9	7000
9	2000
9	1000
9	2000
9	7000
9	2000
9	3000
9	2000
9	1000
9	2000
9	2000
9	3000
9	5000
9	2000
9	2000
9	3000
9	3000
9	4000
9	5000
9	2000
9	11000
9	3000
9	5000
9	3000
9	3000
9	2000
9	13000
9	1000
9	3000
9	2000
9	6000
9	6000
9	7000
9	5000
9	2000
9	3000
9	8000
9	5000
9	2000
9	3000
9	2000
9	3000
9	3000
9	6000
9	2000
9	5000
9	1000
9	9000
9	2000
9	2000
9	5000
9	3000
9	3000
9	2000
9	3000
9	2000
9	2000
9	5000
9	2000
9	9000
9	4000
9	2000
9	3000
9	4000
9	5000
9	6000
9	6000
9	3000
9	1000
9	4000
9	2000
9	8000
9	6000
9	3000
9	2000
9	9000
9	4000
9	8000
9	6000
9	5000
9	4000
9	5000
9	3000
9	2000
9	10000
9	6000
9	3000
9	2000
9	4000
9	3000
9	3000
9	3000
9	1000
9	21000
9	6000
9	2000
9	1000
9	2000
9	4000
9	11000
9	3000
9	1000
9	1000
9	3000
9	3000
9	2000
9	2000
9	3000
9	3000
9	10000
9	7000
9	5000
9	4000
9	2000
9	9000
9	4000
9	10000
9	3000
9	2000
9	2000
9	2000
9	2000
9	4000
9	3000
9	2000
9	2000
9	3000
9	5000
9	2000
9	4000
9	2000
9	6000
9	2000
9	2000
9	2000
9	8000
9	3000
9	4000
9	3000
9	3000
9	2000
9	3000
9	2000
9	9000
9	2000
9	3000
9	4000
9	3000
9	8000
9	4000
9	2000
9	4000
9	2000
9	20000
9	9000
9	2000
9	2000
9	2000
9	2000
9	4000
9	4000
9	1000
9	39000
9	3000
9	5000
9	11000
9	7000
9	6000
9	3000
9	2000
9	3000
9	4000
9	2000
9	3000
9	3000
9	3000
9	5000
9	2000
9	2000
9	6000
9	1000
9	9000
9	4000
9	9000
9	6000
9	5000
9	2000
9	3000
9	3000
9	5000
9	2000
9	3000
9	4000
9	4000
9	21000
9	6000
9	5000
9	4000
9	9000
9	2000
9	4000
9	3000
9	3000
9	5000
9	2000
9	5000
9	2000
9	9000
9	5000
9	2000
9	4000
9	3000
9	3000
9	9000
9	2000
9	3000
9	3000
9	2000
9	2000
9	7000
9	3000
9	2000
9	5000
9	7000
9	8000
9	3000
9	6000
9	3000
9	2000
9	2000
9	4000
9	5000
9	3000
9	3000
9	4000
9	2000
9	3000
9	4000
9	3000
9	3000
9	1000
9	3000
9	2000
9	6000
9	2000
9	2000
9	4000
9	7000
9	4000
9	4000
9	4000
9	2000
9	4000
9	3000
9	2000
9	2000
9	5000
9	3000
9	3000
9	2000
9	2000
9	4000
9	6000
9	4000
9	3000
9	2000
9	7000
9	3000
9	2000
9	7000
9	7000
9	1000
9	1000
9	2000
9	6000
9	7000
9	3000
9	1000
9	2000
9	1000
9	5000
9	3000
9	7000
9	4000
9	14000
9	1000
9	5000
9	3000
9	5000
9	4000
9	4000
9	10000
9	3000
9	3000
9	1000
9	1000
9	6000
9	3000
9	2000
9	4000
9	8000
9	3000
9	3000
9	3000
9	2000
9	2000
9	2000
9	2000
9	1000
9	4000
9	2000
9	1000
9	3000
9	3000
9	2000
9	3000
9	2000
9	2000
9	3000
9	4000
9	17000
9	3000
9	9000
9	3000
9	1000
9	2000
9	6000
9	5000
9	5000
9	11000
9	6000
9	2000
9	3000
9	3000
9	6000
9	5000
9	3000
9	6000
9	3000
9	7000
9	7000
9	2000
9	3000
9	21876
9	14000
9	2000
9	3000
9	5000
9	2000
9	5000
9	6000
9	2000
9	7000
9	3000
9	1000
9	9000
9	3000
9	6000
9	1000
9	4000
9	4000
9	15000
9	10000
9	11000
9	4000
9	4000
9	2000
9	3000
9	4000
9	2000
9	4000
9	3000
9	5000
9	12000
9	3000
9	4000
9	4000
9	4000
9	5000
9	7000
9	19000
9	2000
9	4000
9	8000
9	2000
9	2000
9	18000
9	3000
9	4000
9	3000
9	2000
9	6000
9	11000
9	3000
9	3000
9	9000
9	3000
9	2000
9	3000
9	13000
9	4000
9	13000
9	5000
9	11000
9	2000
9	9000
9	3000
9	2000
9	4000
9	4000
9	2000
9	11000
9	1000
9	3000
9	3000
9	2000
9	9000
9	4000
9	3000
9	4000
9	3000
9	3000
9	5000
9	3000
9	10000
9	2000
9	12000
9	3000
9	5000
9	9000
9	3000
9	4000
9	3000
9	2000
9	10000
9	4000
9	2000
9	3000
9	4000
9	6000
9	9000
9	6000
9	6000
9	4000
9	5000
9	2000
9	4000
9	2000
9	5000
9	1000
9	4000
9	3000
9	3000
9	4000
9	3000
9	4000
9	3000
9	3000
9	2000
9	5000
9	2000
9	5000
9	3000
9	2000
9	3000
9	4000
9	3000
9	2000
9	7000
9	2000
9	2000
9	12000
9	2000
9	2000
9	2000
9	11000
9	5000
9	25000
9	6000
9	4000
9	11000
9	5000
9	8000
9	3000
9	6000
9	3000
9	6000
9	5000
9	27000
9	7000
9	10000
9	7000
9	11000
9	8000
9	14000
9	1000
9	4000
9	3000
9	8000
9	1000
9	5000
9	2000
9	10000
9	21000
9	1000
9	8000
9	5000
9	5000
9	19000
9	2000
9	3000
9	24000
9	8000
9	5000
9	1000
9	1000
9	6000
9	8000
9	3000
9	5000
9	5000
9	14000
9	8000
9	10000
9	2000
9	18000
9	7000
9	2000
9	2000
9	4000
9	17000
9	3000
9	3000
9	13000
9	4000
9	4000
9	6000
9	5000
9	2000
9	12000
9	2000
9	8000
9	15000
9	4000
9	2000
9	7000
9	34000
9	4000
9	4000
9	5000
9	11000
9	4000
9	2000
9	7000
9	3000
9	2000
9	3000
9	5000
9	7000
9	4000
9	10000
9	4000
9	5000
9	2000
9	1000
9	1000
9	10000
9	4000
9	3000
9	3000
9	3000
9	5000
9	2000
9	2000
9	2000
9	2000
9	15000
9	2000
9	2000
9	2000
9	4000
9	3000
9	3000
9	7000
9	2000
9	5000
9	4000
9	2000
9	3000
9	3000
9	2000
9	4000
9	8000
9	3000
9	2000
9	4000
9	5000
9	7000
9	3000
9	3000
9	6000
9	3000
9	5000
9	1000
9	5000
9	2000
9	2000
9	3000
9	2000
9	3000
9	3000
9	3000
9	3000
9	2000
9	4000
9	9000
9	2000
9	3000
9	5000
9	3000
9	9000
9	4000
9	8000
9	10000
9	4000
9	1000
9	1000
9	3000
9	3000
9	3000
9	3000
9	2000
9	2000
9	3000
9	3000
9	2000
9	1000
9	5000
9	3000
9	3000
9	4000
9	2000
9	2000
9	4000
9	2000
9	3000
9	3000
9	7000
9	5000
9	4000
9	2000
9	7000
9	3000
9	5000
9	1000
9	5000
9	12000
9	2000
9	3000
9	6000
9	5000
9	4000
9	11000
9	1000
9	3000
9	5000
9	3000
9	2000
9	8000
9	1000
9	8000
9	3000
9	2000
9	3000
9	1000
9	2000
9	3000
9	2000
9	3000
9	2000
9	2000
9	3000
9	3000
9	2000
9	1000
9	3000
9	8000
9	5000
9	9000
9	4000
9	2000
9	19000
9	3000
9	4000
9	2000
9	2000
9	5000
9	4000
9	6000
9	3000
9	2000
9	2000
9	3000
9	4000
9	3000
9	4000
9	3000
9	6000
9	2000
9	2000
9	3000
9	13000
9	13000
9	3000
9	3000
9	2000
9	2000
9	1000
9	2000
9	2000
9	4000
9	2000
9	4000
9	2000
9	1000
9	11000
9	5000
9	2000
9	1000
9	2000
9	2000
9	4000
9	7000
9	6000
9	3000
9	4000
9	2000
9	4000
9	3000
9	6000
9	3000
9	2000
9	2000
9	9000
9	2000
9	3000
9	2000
9	6000
9	4000
9	2000
9	2000
9	4000
9	2000
9	5000
9	2000
9	5000
9	1000
9	3000
9	4000
9	3000
9	3000
9	2000
9	5000
9	3000
9	3426
9	3000
9	1000
9	3000
9	3000
9	1000
9	2000
9	1000
9	4000
9	2000
9	4000
9	6000
9	2000
9	5000
9	3000
9	1000
9	6000
9	3000
9	4000
9	2000
9	2000
9	4000
9	2000
9	5000
9	2000
9	8000
9	3000
9	3000
9	4000
9	3000
9	2000
9	6000
9	5000
9	5000
9	4000
9	11000
9	5000
9	2000
9	21000
9	1000
9	3000
9	1000
9	2000
9	3000
9	1000
9	4000
9	1000
9	3000
9	1000
9	3000
9	3000
9	5000
9	2000
9	3000
9	4000
9	5000
9	7000
9	4000
9	4000
9	30000
9	10000
9	17000
9	19000
9	4000
9	9000
9	18000
9	4000
9	4000
9	9000
9	4000
9	5000
9	10000
9	9000
9	13000
9	4000
9	3000
9	4000
9	2000
9	4000
9	4000
9	2000
5	3000
5	2000
5	6000
5	6000
5	2000
5	6000
5	100000
5	2000
5	3000
5	1000
5	2000
5	4000
5	3000
5	3000
5	2000
5	3000
5	5000
5	4000
5	5000
5	5000
5	5000
5	6000
5	2000
5	6000
5	5000
5	4000
5	2000
5	3000
5	3000
5	6000
5	2000
5	2000
5	1000
5	1000
5	3000
5	49000
5	2000
5	3000
5	2000
5	2000
5	6000
5	3000
5	2000
5	3000
5	2000
5	4000
5	5000
5	4000
5	2000
5	5000
5	6000
5	4000
5	6000
5	5000
5	3000
5	2000
5	2000
5	6000
5	2000
5	4000
5	5000
5	2000
5	4000
5	3000
5	2000
5	2000
5	3000
5	4000
5	4000
5	4000
5	3000
5	5000
5	3000
5	2000
5	2000
5	5000
5	2000
5	5000
5	3000
5	7000
5	6000
5	3000
5	3000
5	6000
5	122000
5	2000
5	2000
5	2000
5	7000
5	3000
5	3000
5	6000
5	5000
5	5000
5	6000
5	18000
5	22000
5	2000
5	4000
5	2000
5	14000
5	5000
5	8000
5	20000
5	12000
5	66000
5	3000
5	5000
5	4000
5	6000
5	5000
5	3000
5	4000
5	3000
5	2000
5	2000
5	6000
5	8000
5	12000
5	3000
5	6000
5	7000
5	4000
5	3000
5	3000
5	1000
5	3000
5	2000
5	5000
5	5000
5	2000
5	3000
5	3000
5	4000
5	6000
5	2000
5	4000
5	6000
5	9000
5	10000
5	13000
5	4000
5	2000
5	6000
5	2000
5	2000
5	3000
5	3000
5	2000
5	2000
5	5000
5	5000
5	6000
5	4000
5	4000
5	2000
5	5000
5	2000
5	2000
5	3000
5	5000
5	6000
5	5000
5	7000
5	3000
5	5000
5	3000
5	4000
5	2000
5	3000
5	35000
5	2000
5	43000
5	4000
5	2000
5	150000
5	10000
5	10000
