label	length
4	2000
4	2000
4	3000
4	2000
4	3000
4	2000
4	3000
4	2000
4	4000
4	2000
4	2000
4	2000
4	2000
4	2000
4	2000
4	3000
4	2000
4	4000
4	2000
4	4000
4	2000
4	3000
4	4000
4	2000
4	2000
4	3000
4	2000
4	2000
4	2000
4	2000
4	2000
4	2000
4	2000
4	2000
4	2000
4	3000
4	2000
4	2000
4	2000
4	2000
4	2000
4	2000
4	2000
4	2000
4	2000
4	3000
4	2000
4	3000
4	2000
4	2000
4	2000
4	2000
4	3000
4	2000
4	2000
4	3000
4	2000
4	2000
4	2000
4	2000
4	3000
4	2000
4	3000
4	2000
4	5000
4	4000
4	2000
4	6000
4	2000
4	2000
4	3000
4	4000
4	4000
4	2000
4	2000
4	2000
4	2000
4	4000
4	2000
4	2000
4	2000
4	9000
4	2000
4	2000
4	2000
4	2000
4	3000
4	2000
4	4000
4	2000
4	2000
4	5000
4	2000
4	3000
4	2000
4	2000
4	2000
4	2000
4	3000
4	3000
4	2000
4	2000
4	2000
4	2000
4	2000
4	3000
4	2000
4	7000
4	2000
4	2000
4	2000
4	2000
4	2000
4	3000
4	3000
4	2000
4	3000
4	2000
4	2000
4	2000
4	2000
4	2000
4	2000
4	4000
4	2000
4	2000
4	7000
4	2000
4	2000
4	2000
4	2000
4	2000
4	2000
4	3000
4	2000
4	2000
4	6000
4	2000
4	2000
4	2000
4	7000
4	2000
4	2000
4	3000
4	2000
4	3000
4	2000
4	3000
4	2000
4	2000
4	2000
4	2000
4	2000
4	2000
4	2000
4	2000
4	4000
4	7000
4	2000
4	3000
4	4000
4	2000
4	2000
4	2000
4	4000
4	2000
4	3000
4	2000
1	3000
1	2000
1	5000
1	6000
1	2000
1	2000
1	4000
1	4000
1	15000
1	2000
1	5000
1	2000
1	3000
1	2000
1	5000
1	2000
1	2000
1	2000
1	2000
1	4000
1	11000
1	2000
1	5000
1	2000
1	2000
1	6000
1	5000
1	4000
1	2000
1	2000
1	2000
1	6000
1	2000
1	2000
1	3000
1	2000
1	6000
1	2000
1	2000
1	2000
1	2000
1	4000
1	9000
1	8000
1	2000
1	3000
1	2000
1	4000
1	2000
1	8000
1	12000
1	2000
1	3000
1	2000
1	5000
1	4000
1	9000
1	2000
1	2000
1	2000
1	9000
1	1000
1	2000
1	3000
1	4000
1	16000
1	2000
1	2000
1	3000
1	6000
1	11000
1	2000
1	3000
1	12000
1	9000
1	3000
1	2000
1	3000
1	2000
1	2000
1	2000
1	3000
1	6000
1	8000
1	2000
1	2000
1	7000
1	5000
1	3000
1	2000
1	2000
1	4000
1	2000
1	39000
1	4000
1	3000
1	5000
1	2000
1	7000
1	2000
1	2000
1	2000
1	4000
1	2000
1	3000
1	2000
1	2000
1	1000
1	14000
1	2000
1	2000
1	4000
1	5000
1	4000
1	2000
1	3000
1	2000
1	2000
1	2000
1	2000
1	2000
1	2000
1	14000
1	2000
1	2000
1	8000
1	5000
1	9000
1	5000
1	7000
1	6000
1	2000
1	2000
1	4000
1	6000
1	4000
1	6000
1	5000
1	3000
1	2000
1	4000
1	8000
1	2000
1	4000
1	2000
1	2000
1	11000
1	3000
1	2000
1	2000
1	5000
1	3000
1	3000
1	6000
1	12000
1	4000
1	6000
1	4000
1	2000
1	6000
1	5000
1	2000
1	2000
1	3000
1	2000
1	2000
1	2000
1	4000
1	1000
1	5000
1	6000
1	5000
1	4000
1	2000
1	8000
1	2000
1	3000
1	3000
1	3000
1	16000
1	2000
1	6000
1	9000
1	8000
1	14000
1	3000
1	4000
1	3000
1	2000
1	8000
1	2000
1	11000
1	3000
1	3000
1	7000
1	2000
1	3000
1	2000
1	1000
1	2000
1	5000
1	5000
1	4000
1	4000
1	2000
1	4000
1	2000
1	4000
1	2000
1	3000
1	6000
1	2000
1	2000
1	3000
1	2000
1	2000
1	2000
1	12000
1	6000
1	13000
1	13000
1	4000
1	8000
1	2000
0	2000
0	3000
0	3000
0	2000
0	2000
0	3000
0	4000
0	2000
0	2000
0	3000
0	2000
0	2000
0	3000
0	3000
0	2000
0	2000
0	2000
0	2000
0	4000
0	2000
0	3000
0	2000
0	3000
0	2000
0	3000
0	2000
0	2000
0	4000
0	2000
0	4000
0	2000
0	2000
0	2000
0	4000
0	2000
0	3000
0	2000
0	2000
0	2000
0	2000
0	2000
0	2000
0	2000
0	2000
0	2000
0	2000
0	2000
0	3000
0	2000
0	2000
0	2000
0	2000
0	4000
0	2000
0	2000
0	6000
0	2000
0	2000
0	2000
0	2000
0	2000
0	2000
0	3000
0	3000
0	4000
0	2000
0	2000
0	3000
0	2000
0	3000
0	2000
0	2000
0	4000
0	5000
0	2000
0	2000
0	2000
0	3000
0	2000
0	3000
0	1000
0	2000
0	2000
0	2000
0	7000
0	3000
0	2000
0	2000
0	2000
0	2000
0	2000
0	3000
0	2000
0	4000
0	2000
0	2000
0	2000
0	2000
0	2000
0	2000
0	2000
0	2000
0	2000
0	4000
0	2000
0	4000
0	3000
0	2000
0	2000
0	2000
0	3000
0	2000
0	5000
0	2000
0	2000
0	2000
0	2000
0	2000
0	5000
0	2000
0	2000
0	2000
0	2000
0	2000
0	2000
0	2000
0	2000
0	3000
0	2000
0	2000
0	2000
0	4000
0	3000
0	2000
0	2000
0	3000
0	2000
0	2000
0	2000
0	3000
0	2000
0	2000
0	2000
0	2000
0	3000
0	3000
0	3000
0	2000
0	2000
0	3000
0	3000
0	5000
0	4000
0	2000
0	2000
0	2000
0	2000
0	2000
0	3000
0	2000
0	2000
0	3000
0	2000
0	5000
0	2000
0	2000
0	3000
0	3000
0	3000
0	2000
0	2000
0	2000
0	2000
0	2000
0	2000
0	4000
0	2000
0	2002
0	2000
0	2000
0	4000
0	2000
0	2000
0	2000
0	4000
0	2000
0	2000
0	2000
0	2000
0	3000
0	2000
0	2000
0	2000
0	2000
0	4000
0	2000
0	3000
0	2000
0	2000
0	2000
0	2000
0	2000
0	2000
0	4000
0	4000
0	2000
0	2000
0	4000
0	3000
0	3000
0	3000
0	3000
0	2000
0	2000
0	2000
0	2000
0	2000
0	2000
0	2000
0	2000
0	3000
0	2000
0	2000
0	2000
0	2000
0	2000
0	3000
0	2000
0	2000
0	2000
0	3000
0	2000
0	2000
0	2000
0	2000
0	2000
0	2000
0	3000
0	2000
0	4000
0	3000
0	2000
0	3000
0	2000
0	3000
0	3000
0	3000
0	6000
0	2000
0	3000
0	2000
0	2000
0	2000
0	2000
0	2000
0	2000
0	2000
0	2000
0	2000
0	2000
0	2000
0	3000
0	2000
0	2000
0	2000
0	2000
0	2000
0	4000
0	2000
0	2000
0	2000
0	5000
0	2000
0	2000
0	2000
0	4000
0	5000
0	2000
0	2000
0	2000
0	2000
0	2000
0	5000
0	2000
0	2000
0	2000
0	2000
0	3000
0	2000
0	2000
0	4000
0	4000
0	2000
0	5000
0	2000
0	2000
0	2000
0	5000
0	2000
0	2000
0	2000
0	2000
0	2000
0	2000
0	2000
0	3000
0	3000
0	2000
0	2000
0	2000
0	2000
0	4000
0	2000
0	2000
0	5000
0	2000
0	2000
0	3000
0	2000
0	3000
0	2000
0	2000
0	2000
0	2000
0	2000
0	2000
0	2000
0	2000
0	2000
0	2000
0	2000
0	3000
0	3000
0	2000
0	2000
0	2000
0	2000
0	3000
0	5000
0	4000
0	4000
0	2000
0	2000
0	2000
0	2000
0	2000
0	2000
0	2000
0	3000
0	7000
0	2000
0	2000
0	2000
0	3000
0	2000
0	2000
0	2000
0	3000
0	2000
0	2000
0	4000
0	3000
0	2000
0	2000
0	3000
0	2000
0	2000
0	2000
0	3000
0	2000
0	4000
0	4000
0	2000
0	5000
0	4000
0	2000
0	2000
0	4000
0	3000
0	2000
0	4000
0	2000
0	5000
0	3000
0	2000
0	2000
0	2000
0	2000
0	4000
0	3000
0	2000
0	2000
0	2000
0	2000
0	2000
0	2000
0	3000
0	2000
0	2000
0	2000
0	2000
0	4000
0	3000
0	2000
0	3000
0	3000
0	2000
0	3000
0	2000
0	2000
0	2000
0	2000
0	2000
0	2000
0	3000
0	6000
0	2000
0	1000
0	2000
0	3000
0	3000
0	2000
0	2000
0	3000
0	3000
0	4000
0	2000
0	2000
0	5000
0	2000
0	2000
0	2000
0	2000
0	3000
0	1590
8	3000
8	2000
8	2000
8	2000
8	3000
8	3000
8	2000
8	2000
8	2000
8	2000
8	2000
8	4000
8	3000
8	2000
8	4000
8	3000
8	3000
8	2000
8	2000
8	2000
8	2000
8	4000
8	2000
8	2000
8	3000
8	2000
8	3000
8	2000
8	2000
8	4000
8	3000
8	3000
8	2000
8	2000
8	3000
8	2000
8	2000
8	2000
8	3000
8	2000
8	2000
8	2000
8	2000
8	5000
8	4000
8	2000
8	7000
8	3000
8	8000
8	3000
8	3000
8	2000
8	2000
8	2000
8	3000
8	2000
8	3000
8	2000
8	3000
8	4000
8	2000
8	2000
8	4000
8	2000
8	3000
8	4000
8	5000
8	3000
8	2000
8	2000
8	3000
8	5000
8	2000
8	6000
8	7000
8	2000
8	3000
8	2000
8	2000
8	3000
8	2000
8	2000
8	2000
8	3000
8	5000
8	3000
8	2000
8	2000
8	4000
8	3000
8	3000
8	14000
8	2000
8	2000
8	3000
8	4000
8	8000
8	3000
8	2000
8	4000
8	2000
8	3000
6	17000
6	3000
6	6000
6	14000
6	12000
6	19000
6	2000
6	23000
6	5000
6	2000
6	4000
6	3000
6	3000
6	3000
6	5000
6	10000
6	5000
6	4000
6	10000
6	9000
6	2000
6	6000
6	1000
6	4000
6	3000
6	5000
6	7000
6	7000
6	3000
6	2000
6	12000
6	5000
6	26000
6	5000
6	8000
6	34000
6	7000
6	7000
6	2000
6	8000
6	3000
6	8000
6	7000
6	4000
6	3000
6	3000
6	7000
6	28000
6	12000
6	41000
6	3000
6	12000
6	19000
6	15000
6	4000
6	29000
6	18000
6	2000
6	8000
6	4000
6	2000
6	2000
6	51000
6	1000
6	10000
6	25000
6	3000
6	2000
6	22000
6	3000
6	3000
6	4000
6	8000
6	8000
6	6000
6	3000
6	3000
6	8000
6	10000
6	5000
6	25000
6	15000
6	5000
6	4000
6	3000
6	9000
6	4000
6	18000
6	12000
6	23000
6	8000
6	1000
6	6000
6	2000
6	9000
6	3000
6	3000
6	2000
6	21000
6	8000
6	2000
6	2000
6	5000
6	5000
6	6000
6	7000
6	4000
6	3000
6	7000
6	2000
6	4000
6	12000
6	10000
6	4000
6	11000
6	4000
6	5000
6	24000
6	15000
6	64000
6	2000
6	20000
6	13000
6	8000
6	10000
6	7000
6	2000
6	2000
6	12000
6	3000
6	2000
6	7000
6	7000
6	2000
6	6000
6	16000
6	12000
6	3000
6	1000
6	3000
6	2000
6	52000
6	19000
6	4000
6	3000
6	15000
6	36000
6	23000
6	2000
6	4000
6	7000
6	5000
6	4000
6	2000
6	2000
6	5000
6	2000
6	5000
6	15000
6	4000
6	4000
6	10000
6	23000
6	3000
6	4000
6	16000
6	21000
6	7000
6	8000
6	27000
6	6000
6	7000
6	5000
6	4000
6	2000
6	7000
6	5000
6	2000
6	3000
6	2000
6	2000
6	5000
6	3000
6	4000
6	4000
6	7000
6	2000
6	2000
6	3000
6	21000
6	10000
6	2000
6	3000
6	2000
6	3000
6	2000
6	2000
6	2000
6	2000
6	2000
6	5000
6	4000
6	3000
6	4000
6	2000
6	12000
6	11000
6	2000
6	20000
6	2000
6	2000
6	2000
6	4000
6	22000
6	28000
6	6000
6	18000
6	13000
6	4000
6	4000
6	18000
6	7000
6	6000
6	9000
6	2000
6	5000
6	5000
6	2000
6	1000
6	7000
6	18000
6	6000
6	2000
6	3000
6	3000
6	8000
6	9000
6	9000
6	6000
6	5000
6	2000
6	4000
6	2000
6	3000
6	8000
6	2000
6	6000
6	6000
6	2000
6	8000
6	3000
6	2000
6	8000
6	3000
6	2000
10	2000
10	2000
10	2000
10	3000
10	3000
10	2000
10	2000
10	2000
10	4000
10	2000
10	2000
10	2000
10	2000
10	2000
10	3000
10	2000
10	2000
10	2000
10	2000
10	3000
10	2000
10	2000
10	2000
10	3000
10	2000
10	2000
10	2000
10	5000
10	6000
10	2000
10	2000
10	4000
10	3000
10	3000
10	2000
10	3000
10	2000
10	2000
10	2000
10	1000
10	2000
10	2000
10	5000
10	3000
10	2000
10	2000
10	6000
10	2000
10	2000
10	5000
10	2000
10	2000
10	3000
10	3000
10	6000
10	5000
10	2000
10	2000
10	2000
10	7000
10	7000
10	3000
10	4000
10	7000
10	4000
10	2000
10	3000
10	6000
10	2000
10	2000
10	2000
10	5000
10	3000
10	2000
10	2000
10	2000
10	3000
10	2000
10	3000
10	3000
10	6000
10	10000
10	2000
10	3000
10	2000
10	3000
10	2000
10	3000
10	5000
10	7000
10	2000
10	3000
10	4000
10	2000
10	3000
10	7000
10	2000
10	3000
10	5000
10	2000
10	4000
10	2000
10	2000
10	2000
10	2000
10	2000
10	8000
10	2000
10	2000
10	2000
10	2000
10	2000
10	7000
10	4000
10	2000
10	3000
10	2000
10	2000
10	2000
10	2000
10	2000
10	2000
10	3000
7	4000
7	2000
7	2000
7	2000
7	8000
7	2000
7	2000
7	4000
7	6000
7	2000
7	2000
7	3000
7	3000
7	2000
7	2000
7	2000
7	5000
7	3000
7	4000
7	2000
7	4000
7	3000
7	5000
7	3000
7	2000
7	2000
7	4000
7	1000
7	2000
7	5000
7	4000
7	6000
7	4000
7	3000
7	2000
7	3000
7	11000
7	2000
7	4000
7	3000
7	6000
7	2000
7	6000
7	3000
7	3000
7	2000
7	4000
7	1000
7	3000
7	5000
7	2000
7	2000
7	2000
7	2000
7	3000
7	2000
7	4000
7	2000
7	3000
7	2000
7	2000
7	2000
7	2000
7	2000
7	2000
7	2000
7	2000
7	6000
7	3000
7	6000
7	3000
7	3000
7	2000
7	3000
7	1000
7	2000
7	3000
7	4000
7	2000
7	4000
7	2000
7	2000
7	3000
7	2000
7	1000
7	3000
7	5000
7	2000
7	3000
7	10000
7	4000
7	6000
7	2000
7	4000
7	2000
7	5000
7	4000
7	1000
7	3000
7	4000
7	2000
7	4000
7	2000
7	3000
7	4000
7	2000
7	3000
7	2000
7	5000
7	2000
7	8000
7	2000
7	2000
7	3000
7	2000
7	3000
7	3000
7	4000
7	2000
7	2000
7	3000
7	3000
7	3000
7	2000
7	2000
7	1000
7	2000
7	2000
7	5000
7	5000
7	2000
7	4000
7	3000
7	2000
7	2000
7	6000
7	6000
7	2000
7	2000
7	6000
7	4000
7	5000
7	8000
7	10000
7	1000
7	3000
7	3000
7	3000
7	3000
7	2000
7	2000
7	2000
7	3000
7	2000
7	2000
7	3000
7	3000
7	3000
7	4000
7	3000
7	5000
7	3000
7	2000
7	8000
7	5000
7	10000
7	3000
7	2000
7	3000
7	10000
7	3000
7	2000
7	4000
7	2000
7	6000
7	4000
7	3000
7	5000
7	2000
7	5000
7	11000
7	1000
7	2000
7	2000
7	2000
7	4000
7	4000
7	2000
7	12000
7	2000
7	2000
7	2000
7	1000
7	3000
7	2000
7	4000
7	2000
7	2000
7	2000
7	3000
7	6000
7	3000
7	2000
7	2000
7	2000
7	2000
7	4000
7	2000
7	2000
7	2000
7	2000
7	3000
7	2000
7	5000
7	2000
7	2000
7	2000
7	2000
7	6000
7	4000
7	2000
7	2000
7	2000
7	5000
7	2000
7	7000
7	3000
7	2000
7	3000
7	5000
7	1000
7	3000
7	7000
7	2000
7	3000
7	5000
7	2000
7	3000
7	4000
7	6000
7	2000
7	4000
7	3000
7	2000
7	4000
7	6000
7	4000
7	6000
7	2000
7	2000
7	3000
7	3000
7	2000
7	2000
7	2000
7	1000
7	2000
7	5000
7	2000
7	2000
7	2000
7	2000
7	2000
7	2000
7	2000
7	3000
7	2000
7	2000
7	1000
7	3000
7	2000
7	2000
7	2000
7	2000
7	3000
7	1000
7	3000
7	6000
7	5000
7	3000
7	2000
7	5000
7	2000
7	1000
7	3000
7	4000
7	2000
7	2000
7	1000
7	2000
7	5000
7	2000
7	2000
7	2000
7	2000
7	3000
7	3000
7	4000
7	2000
7	2000
7	4000
7	2000
7	5000
7	3000
7	7000
7	5000
7	5000
7	4000
7	2000
7	3000
7	2000
7	2000
7	4000
7	2000
7	3000
7	3000
7	2000
7	4000
7	2000
7	1000
7	1000
7	2000
7	3000
7	2000
7	4000
7	2000
7	3000
7	3000
7	3000
7	2000
7	3000
7	7000
7	2000
7	2000
7	4000
7	7000
7	3000
7	7000
7	3000
7	2000
7	2000
7	4000
7	3000
7	2000
7	2000
7	3000
7	2000
7	4000
7	1000
7	2000
7	5000
7	2000
7	2000
7	2000
7	7000
7	3000
7	3000
7	2000
7	2000
7	10000
7	4000
7	6000
7	2000
7	7000
7	4000
7	16000
7	2000
7	12000
7	2000
7	2000
7	17000
7	5000
7	2000
7	3000
7	5000
7	3000
7	2000
7	3000
7	5000
7	6000
7	3000
7	6000
7	6000
7	6000
7	2000
7	2000
7	1000
7	3000
7	2000
7	2000
7	3000
7	10000
7	3000
7	6000
7	3000
7	1000
7	2000
7	3000
7	2000
7	3000
7	2000
7	4000
7	2000
7	2000
7	2000
7	4000
7	5000
7	14000
7	3000
7	2000
7	5000
7	4000
7	5000
7	7000
7	6000
7	5000
7	3000
7	5000
7	3000
7	3000
7	2000
7	1000
7	3000
7	2000
7	6000
7	4000
7	6000
7	2000
7	4000
7	2000
7	5000
7	2000
7	5000
7	5000
7	2000
7	2000
7	8000
7	7000
7	5000
7	13000
7	7000
7	3000
7	4000
7	2000
7	3000
7	5000
7	6000
7	11000
7	4000
7	8000
7	4000
7	4000
7	11000
7	12000
7	11000
7	2000
7	5000
7	8000
7	3000
7	2000
7	3000
7	2000
7	2000
7	2000
7	6000
7	2000
7	4000
7	7000
7	3000
7	5000
7	2000
7	2000
7	5000
7	3000
7	4000
7	3000
7	4000
7	8000
7	8000
7	3000
7	7000
7	5000
7	3000
7	7000
7	3000
7	8000
7	2000
7	3000
7	2000
7	3000
7	2000
7	2000
7	2000
7	2000
7	1000
7	3000
7	4000
7	2000
7	2000
7	2000
7	2000
7	3000
7	1000
7	2000
7	4000
7	2000
7	4000
7	3000
7	2000
7	2000
7	4000
7	1000
7	2000
7	2000
7	4000
7	2000
7	2000
7	2000
7	5000
7	6000
7	5000
7	2000
7	2000
2	5000
2	7000
2	4000
2	2000
2	2000
2	2000
2	8000
2	7000
2	5000
2	2000
2	4000
2	3000
2	5000
2	4000
2	3000
2	2000
2	5000
2	9000
2	5000
2	4000
2	2000
2	2000
2	3000
2	6000
2	5000
2	6000
2	5000
2	3000
2	4000
2	2000
2	2000
2	2000
2	2000
2	2000
2	3000
2	7000
2	20000
2	6000
2	6000
2	2000
2	7000
2	2000
2	5000
2	4000
2	2000
2	2000
2	10000
2	3000
2	2000
2	2000
2	2000
2	2000
2	2000
2	14000
2	3000
2	2000
2	16000
2	19000
2	5000
2	2000
2	14000
2	2000
2	2000
2	2000
2	4000
2	2000
2	2000
2	23000
2	2000
2	4000
2	2000
2	3000
2	3000
2	12000
2	2000
2	8000
2	4000
2	2000
2	2000
2	2000
2	2000
2	2000
2	3000
2	4000
2	6000
2	2000
2	4000
2	4000
2	2000
2	2000
2	2000
2	2000
2	2000
2	4000
2	3000
2	2000
2	2000
2	7000
2	5000
2	2000
2	5000
2	2000
2	4000
2	4000
2	2000
2	4000
2	8000
2	5000
2	3000
2	2000
2	2000
2	5000
2	4000
2	2000
2	2000
2	2000
2	5000
2	8000
2	2000
2	7000
2	2000
2	3000
2	5000
2	2000
2	2000
2	4000
2	4000
2	2000
2	2000
2	2000
9	2000
9	3000
9	2000
9	3000
9	2000
9	1000
9	6000
9	1000
9	2000
9	3000
9	10000
9	1000
9	2000
9	1000
9	2000
9	3000
9	10000
9	3000
9	2000
9	5000
9	1000
9	4000
9	3000
9	4000
9	3000
9	5000
9	2000
9	4000
9	5000
9	1000
9	2000
9	3000
9	2000
9	2000
9	3000
9	5000
9	2000
9	2000
9	2000
9	2000
9	4000
9	17000
9	3000
9	2000
9	9000
9	1000
9	10000
9	5000
9	2000
9	1000
9	2000
9	2000
9	2000
9	1000
9	2000
9	2000
9	3000
9	6000
9	3000
9	2000
9	9000
9	4000
9	2000
9	3000
9	3000
9	1000
9	2000
9	3000
9	2000
9	3000
9	1000
9	1000
9	2000
9	1000
9	3000
9	3000
9	16000
9	1000
9	3000
9	3000
9	2000
9	6000
9	2000
9	2000
9	1000
9	9000
9	13000
9	4000
9	4000
9	4000
9	4000
9	3000
9	1000
9	16000
9	4000
9	3000
9	6000
9	13000
9	2000
9	8000
9	6000
9	3000
9	1000
9	2000
9	4000
9	5000
9	3000
9	7000
9	10000
9	13000
9	5000
9	5000
9	10000
9	1000
9	7000
9	9000
9	3000
9	4000
9	2000
9	14000
9	10000
9	3000
9	2000
9	5000
9	3000
9	15000
9	16000
9	6000
9	9000
9	17000
9	8000
9	11000
9	6000
9	18000
9	1000
9	1000
9	2000
9	2000
9	2000
9	3000
9	2000
9	2000
9	7000
9	7000
9	2000
9	2000
9	2000
9	3000
9	3000
9	4000
9	3000
9	4000
9	14000
9	4000
9	3000
9	1000
9	23000
9	3000
9	6000
9	2000
9	6000
9	6000
9	6000
9	14000
9	8000
9	4000
9	4000
9	2000
9	4000
9	5000
9	7000
9	6000
9	1000
9	2000
9	19000
9	2000
9	13000
9	5000
9	18000
9	4000
9	16000
9	3000
9	2000
9	3000
9	3000
9	5000
9	19000
9	15000
9	4000
9	6000
9	4000
9	17000
9	4000
9	1000
9	3000
9	4000
9	3000
9	5000
9	2000
9	4000
9	2000
9	5000
9	1000
9	7000
9	4000
9	6000
9	2000
9	1000
9	1000
9	2000
9	2000
9	1000
9	2000
9	2000
9	3000
9	3000
9	2000
9	4000
9	2000
9	3000
9	3000
9	2000
9	3000
9	3000
9	4000
9	3000
9	5000
9	3000
9	6000
9	2000
9	20000
9	3000
9	1000
9	3000
9	6000
9	2000
9	3000
9	3000
9	3000
9	3000
9	3000
9	4000
9	3000
9	2000
9	8000
9	3000
9	2000
9	3000
9	7000
9	14000
9	11000
9	14000
9	15000
9	5000
9	3000
9	15000
9	4000
9	15000
9	2000
9	3000
9	4000
9	5000
9	3000
9	2000
9	7000
9	3000
9	1000
9	3000
9	15000
9	5000
9	1000
9	2000
9	14000
9	3000
9	3000
9	2000
9	13000
9	5000
9	14000
9	8000
9	3000
9	7000
9	4000
9	4000
9	5000
9	3000
9	1000
9	7000
9	9000
9	7000
9	2000
9	7000
9	13000
9	3000
9	2000
9	3000
9	3000
9	2000
9	2000
9	1000
9	19000
9	8000
9	3000
9	10000
9	2000
9	2000
9	2000
9	2000
9	6000
9	2000
9	3000
9	3000
9	2000
9	3000
9	1000
9	2000
9	1000
9	2000
9	2000
9	4000
9	4000
9	4000
9	2000
9	2000
9	3000
9	3000
9	16000
9	10000
9	3000
9	1000
9	3000
9	2000
9	8000
9	1000
9	3000
9	2000
9	6000
9	3000
9	6000
9	2000
9	2000
9	2000
9	2000
9	2000
9	4000
9	3000
9	3000
9	3000
9	8000
9	2000
9	2000
9	13000
9	5000
9	7000
9	1000
9	2000
9	3000
9	3000
9	3000
9	2000
9	2000
9	2000
9	3000
9	7000
9	3000
9	4000
9	4000
9	1000
9	2000
9	2000
9	3000
9	4000
9	6000
9	9000
9	2000
9	2000
9	4000
9	4000
9	2000
9	5000
9	11000
9	4000
9	12000
9	3000
9	3000
9	3000
9	3000
9	4000
9	2000
9	3000
9	3000
9	4000
9	5000
9	2000
9	4000
9	1000
9	14000
9	2000
9	4000
9	8000
9	2000
9	7000
9	1000
9	3000
9	8000
9	13000
9	5000
9	7000
9	2000
9	3000
9	8000
9	10000
9	10000
9	7000
9	7000
9	17000
9	5000
9	9000
9	3000
9	8000
9	5000
9	2000
9	1000
9	2000
9	2000
9	1000
9	3000
9	3000
9	3000
9	3000
9	4000
9	2000
9	2000
9	5000
9	21000
9	31000
9	11000
9	6000
9	15000
9	6000
9	5000
9	4000
9	2000
9	6000
9	3000
9	3000
9	19000
9	2000
9	3000
9	5000
9	4000
9	5000
9	5000
9	3000
9	4000
9	4000
9	1000
9	5000
9	3000
9	2000
9	1000
9	4000
9	3000
9	3000
9	7000
9	8000
9	13000
9	2000
9	2000
9	3000
9	2000
9	1000
9	7000
9	7000
9	2000
9	2000
9	11000
9	6000
9	2000
9	3000
9	34000
9	13000
9	4000
9	2000
9	8000
9	3000
9	3000
9	5000
9	4000
9	13000
9	8000
9	7000
9	3000
9	3000
9	15000
9	2000
9	2000
9	2000
9	4000
9	1000
9	3000
9	3000
9	5000
9	4000
9	7000
9	1000
9	4000
9	4000
9	7000
9	1000
9	8000
9	4000
9	19000
9	1000
9	1000
9	6000
9	4000
9	9000
9	5000
9	10000
9	2000
9	2000
9	4000
9	7000
9	1000
9	2000
9	1000
9	1000
9	3000
9	2000
9	1000
9	5000
9	3000
9	2000
9	5000
9	2000
9	4000
9	3000
9	4000
9	2000
9	5000
9	2000
9	2000
9	4000
9	2000
9	2000
9	2000
9	2000
9	3000
3	5000
3	2000
3	11000
3	1000
3	3000
3	11000
3	4000
3	2000
3	3000
3	2000
3	3000
3	4000
3	2000
3	2000
3	2000
3	3000
3	3000
3	2000
3	5000
3	4000
3	2000
3	4000
3	3000
3	5000
3	18000
3	5000
3	16000
3	3000
3	7000
3	14000
3	4000
3	4000
3	7000
3	12000
3	7000
3	8000
3	2000
3	14000
3	2000
3	4000
3	32000
3	4000
3	11000
3	14000
3	6000
3	2000
3	6000
3	10000
3	2000
3	3000
3	4000
3	6000
3	2000
3	2000
3	12000
3	2000
3	6000
3	1000
3	3000
3	13000
3	6000
3	5000
3	6000
3	3000
3	4000
3	2000
3	3000
3	10000
3	4000
3	3000
3	2000
3	1000
3	2000
3	5000
3	4000
3	2000
3	2000
3	7000
3	11000
3	2000
3	10000
3	4000
3	1000
3	6000
3	19000
3	20000
3	2000
3	5000
3	3000
3	8000
3	1000
3	15000
3	9000
3	1000
3	3000
3	6000
3	2000
3	3000
3	9000
3	4000
3	3000
3	5000
3	3000
3	2000
3	12000
3	3000
3	3000
3	8000
3	6000
3	9000
3	3000
3	2000
3	5000
3	5000
3	1000
3	2000
3	4000
3	5000
3	2000
3	2000
3	1000
3	2000
3	2000
3	3000
3	4000
3	3000
3	2000
3	2000
3	2000
3	1000
3	3000
3	1000
3	2000
3	4000
3	5000
3	4000
3	3000
3	3000
3	5000
3	4000
3	5000
3	2000
3	8000
3	3000
3	6000
3	8000
3	3000
3	4000
3	5000
3	5000
3	3000
3	2000
3	1000
3	3000
3	3000
3	4000
3	2000
3	2000
3	3000
3	6000
3	3000
3	4000
3	3000
3	4000
3	4000
3	10000
3	3000
3	5000
3	6000
3	1000
3	2000
3	3000
3	5000
3	2000
3	8000
3	2000
3	1000
3	4000
3	3000
3	2000
3	2000
3	1000
3	1000
3	5000
3	2000
3	4000
3	2000
3	10000
3	6000
3	9000
3	2000
3	3000
3	2000
3	4000
3	4000
3	4000
3	2000
3	2000
3	2000
3	4000
3	13000
3	8000
3	12000
3	7000
3	3000
3	1000
3	1000
3	30000
3	8000
3	2000
3	3000
3	2000
3	3000
3	15000
3	10000
3	2000
3	6000
3	3000
3	12000
3	2000
3	3000
3	2000
3	2000
3	2000
3	1000
3	3000
3	4000
3	5000
3	4000
3	3000
3	1000
3	6000
3	1000
3	1000
3	1000
3	2000
3	2000
3	1000
3	2000
3	17000
3	4000
3	3000
3	7000
3	2000
3	4000
3	2000
3	6000
3	3000
3	3000
3	5000
3	1000
3	5000
3	3000
3	3000
3	4000
3	1000
3	4000
3	3000
3	1000
3	2000
3	2000
3	2000
3	5000
3	2000
3	2000
3	8000
3	2000
3	11000
3	5000
3	6000
3	8000
3	3000
3	7000
3	18000
3	2000
3	3000
3	14000
3	3000
3	9000
3	4000
3	2000
3	3000
3	8000
3	2000
3	17000
3	6000
3	6000
3	7000
3	2000
3	2000
3	6000
3	2000
3	16000
3	7000
3	5000
3	14000
3	13000
3	2000
3	10000
3	7000
3	3000
3	2000
3	13000
3	1000
3	7000
3	7000
3	3000
3	6000
3	22000
3	4000
3	2000
3	1000
3	1000
3	3000
3	5000
3	4000
3	4000
3	7000
3	6000
3	2000
3	12000
3	3000
3	17000
3	4000
3	4000
3	4000
3	6000
3	6000
3	2000
3	3000
3	7001
3	2000
3	2000
3	10000
3	2000
3	5000
3	1000
3	1000
3	6000
3	1000
3	2000
3	8000
3	15000
3	4000
3	5000
3	2000
3	1000
3	3000
3	2000
3	4000
3	3000
3	2000
3	10000
3	3000
3	9000
3	5000
3	3000
3	4000
3	3000
3	2000
3	2000
3	4000
3	5000
3	1000
3	4000
3	4000
3	4000
3	3000
3	2000
3	3000
3	4000
3	3000
3	2000
3	1000
3	1000
3	2000
3	2000
3	2000
3	2000
3	3000
3	5000
3	1000
3	3000
3	3000
3	1000
3	1000
3	2000
3	3000
3	4000
3	2000
3	2000
3	6000
3	4000
3	3000
3	9000
3	4000
3	3000
3	2000
3	3000
3	3000
3	4000
3	5000
3	5000
3	1000
3	4000
3	3000
3	3000
3	1000
3	4000
3	2000
3	2000
3	2000
3	5000
3	4000
3	4000
3	7000
3	3000
3	6000
3	4000
3	2000
3	3000
3	3000
3	5000
3	2000
3	2000
3	2000
3	1000
3	6000
3	6000
3	2000
3	11000
3	4000
3	20000
3	3000
3	3000
3	9000
3	4000
3	5000
3	14000
3	7000
3	10000
3	4000
3	8000
3	2000
3	4000
3	4000
3	4000
3	2000
3	10000
3	14000
3	8000
3	4000
3	15000
3	3000
3	7000
3	9000
3	4000
3	2000
3	4000
3	7000
3	2000
3	3000
3	4000
3	5000
3	2000
3	16000
3	9000
3	9876
3	2000
3	6000
3	7000
3	2000
3	2000
3	2000
3	3000
3	2000
3	4000
3	9000
3	2000
3	3000
3	5000
3	5000
3	3000
3	5000
3	2000
3	4000
3	2000
3	4000
3	4000
3	2000
3	1000
3	4000
3	6000
3	3000
3	3000
3	3000
3	2000
3	3000
3	2000
3	4000
3	4000
3	6000
3	7000
3	2000
3	7000
3	3000
3	9000
3	7000
3	4000
3	5000
3	5000
3	3000
3	2000
3	4000
3	2000
3	3000
3	6000
3	2000
3	2000
3	7000
3	1000
3	3000
3	2000
3	3000
3	2000
3	1000
3	1000
3	3000
3	3000
3	4000
3	2000
3	3000
3	6000
3	4000
3	6000
3	2000
3	3000
3	2000
3	6000
3	12000
3	4000
3	2000
3	4000
3	3000
3	1000
3	6000
3	3000
3	4000
3	6000
3	3000
3	3000
3	4000
3	3000
3	6000
3	10000
3	7000
3	3000
3	2000
3	7000
3	6000
3	10000
3	2000
3	9000
3	2000
3	2000
3	3000
3	3000
3	3000
3	3000
3	2000
3	3000
3	6000
3	4000
3	2000
3	3000
3	3000
3	3000
3	3000
3	3000
3	2000
3	1000
3	3000
3	2000
3	2000
3	3000
3	3000
3	2000
3	4000
3	4000
3	2000
3	9000
3	9000
3	13000
3	2000
3	3000
3	7000
3	4000
3	2000
3	2000
3	9000
3	5000
3	6000
3	3000
3	4000
3	6000
3	2000
3	3000
3	2000
3	4000
3	2000
3	3000
3	5000
3	2000
3	6000
3	3000
3	3000
3	6000
3	4000
3	3000
3	6000
3	16000
3	11000
3	2000
3	5000
3	1000
3	3000
3	10000
3	2000
3	3000
3	2000
3	4000
3	4000
3	8000
3	2000
3	3000
3	2000
3	2000
3	7000
3	4000
3	2000
3	3000
3	1000
3	2000
3	2000
3	7000
3	6000
3	3000
3	2000
3	3000
3	2000
3	3000
3	3000
3	4000
3	5000
3	5000
3	2000
3	6000
3	3000
3	3000
3	11000
3	4000
3	2000
3	2000
3	2000
3	6000
3	2000
3	2000
3	2000
3	3000
3	3000
3	3000
3	4000
3	15000
3	4000
3	7000
3	1000
3	10000
3	2000
3	3000
3	5000
3	4000
3	3000
3	5000
3	3000
3	2000
3	4000
3	7000
3	3000
3	1000
3	8000
3	2000
3	9000
3	6000
3	1000
3	5000
3	3000
3	3000
3	6000
3	3000
3	10000
3	1000
3	3000
3	10000
3	2000
3	5000
3	3000
3	6000
3	8000
3	3000
3	2000
3	4000
3	5000
3	1000
3	4000
3	1000
3	4000
3	5000
3	9000
3	2000
3	3000
3	3000
3	5000
3	3000
3	3000
3	9000
3	9000
3	9000
3	2000
3	3000
3	2000
3	4000
3	4000
3	3000
3	13000
3	5000
3	2000
3	2000
3	2000
3	3000
3	2000
3	4000
3	2000
3	6000
3	3000
3	2000
3	5000
3	3000
3	6000
3	6000
3	3000
3	2000
3	12000
3	4000
3	3000
3	6000
3	3000
3	1000
3	4000
3	2000
3	6000
3	2000
3	3000
3	2000
3	1000
3	9000
3	2000
3	6000
3	2000
3	4000
3	1000
3	4000
3	1000
3	33000
3	14000
3	1000
3	5000
3	12000
3	2000
3	11000
3	11000
3	2000
3	6000
3	4000
3	2000
3	3000
3	9000
3	1000
3	3000
3	3000
3	2000
3	3000
3	2000
3	2000
3	8000
3	2000
3	3000
3	4000
3	2000
3	3000
3	1000
3	2000
3	1000
3	3000
3	3000
3	1000
3	1000
3	5000
3	3000
3	3000
3	4000
3	4000
3	2000
3	2000
3	4000
3	10000
3	6000
3	3000
3	1000
3	4000
3	3000
3	1000
3	2000
3	3000
3	3000
3	2000
3	3000
3	2000
3	2000
3	10000
3	2000
3	4000
3	2000
3	2000
3	13000
3	6000
3	4000
3	3000
3	11000
3	4000
3	2000
3	3000
3	2000
3	2000
3	1000
3	2000
3	6000
3	6000
3	5000
3	7000
3	3000
3	3000
3	4000
3	5000
3	7000
3	4000
3	3000
3	2000
3	2000
3	6000
3	5000
3	2000
3	4000
3	2000
3	3000
3	3000
3	2000
3	5000
3	1000
3	8000
3	7000
3	5000
3	2000
3	2000
3	2000
3	3000
3	5000
3	3000
3	4000
3	3000
3	2000
3	3000
3	4000
3	7000
3	13000
3	5000
3	7000
3	7000
3	3000
3	2000
3	3000
3	3000
3	4000
3	22000
3	10000
3	3000
3	2000
3	2000
3	2000
3	4000
3	4000
3	3000
3	7000
3	3000
3	1000
3	1000
3	3000
3	3000
3	2000
3	2000
3	1000
3	2000
3	5000
3	8000
3	4000
3	4000
3	3000
3	3000
3	2000
3	5000
3	2000
3	6000
3	2000
3	2000
3	2000
3	5000
3	3000
3	2000
3	2000
3	3000
3	2000
3	1000
3	3000
3	3000
3	4000
3	5000
3	8000
3	2000
3	1000
3	7000
3	3000
3	6000
3	4000
3	3000
3	3000
3	10000
3	2000
3	6000
3	12000
3	2000
3	5000
3	15000
3	4000
3	1000
3	3000
3	3000
3	2000
3	8000
3	3000
3	7000
3	2000
3	5000
3	2000
3	2000
3	1000
3	4000
3	2000
3	2000
3	8000
3	3000
3	2000
3	8000
3	2000
3	3000
3	3000
3	4000
3	3000
3	4000
3	6000
3	5000
3	2000
3	1000
3	2000
3	2000
3	3000
3	5000
3	3000
3	2000
3	2000
3	6000
3	3000
3	1000
3	5000
3	1000
3	4424
3	5000
3	18000
3	3000
3	4000
3	10000
3	2000
3	2000
3	3000
3	7000
3	3000
3	1000
3	3000
3	2000
3	8000
3	4000
3	3000
3	5000
3	2000
3	6000
3	3000
3	2000
3	2000
3	4000
3	4000
3	2000
3	6000
3	1000
3	2000
3	1000
3	8000
3	2000
3	6000
3	3000
3	1000
3	2000
3	1000
3	10000
3	2000
3	3000
3	2000
3	6000
3	2000
3	5000
3	2000
3	2000
3	4000
3	4000
3	2000
3	5000
3	3000
3	4000
3	5000
3	3000
3	9000
3	3000
3	4000
3	3000
3	3000
3	4000
3	2000
3	3000
3	1000
3	2000
3	2000
3	2000
3	2000
3	2000
3	1000
3	2000
3	3000
3	7000
3	7000
3	9000
3	18000
3	3000
3	2000
3	4000
3	4000
3	5000
3	4000
3	7000
3	6000
3	3000
3	1000
3	2000
3	3000
3	10000
3	3000
3	6000
3	3000
3	2000
3	2000
3	2000
3	2000
3	3000
3	3000
3	2000
3	2000
3	3000
3	2000
3	2000
3	2000
3	1000
3	7000
3	8000
3	2000
3	8000
3	2000
3	5000
3	2000
3	3000
3	3000
3	3000
3	3000
3	4000
3	1000
3	2000
3	6000
3	10000
3	9000
3	5000
3	11000
3	6000
3	7000
3	4000
3	3000
3	3000
3	2000
3	1000
3	9000
3	1000
3	3000
3	3000
3	2000
3	1000
3	5000
3	9000
3	3000
3	3000
3	3000
3	9000
3	4000
3	1000
3	2000
3	1000
3	1000
3	1000
3	5000
3	3000
3	3000
3	3000
3	3000
3	5000
3	4000
3	5000
3	10000
3	3000
3	1000
3	16000
3	2000
3	5000
3	10000
3	6000
3	4000
3	12000
3	3000
3	7000
3	9000
3	5000
3	3000
3	2000
3	2000
3	3000
3	2000
3	6000
3	7000
3	1000
3	2000
3	2000
3	3000
3	3000
3	3000
3	4000
3	7000
3	3000
3	5000
3	14000
3	5000
3	2000
3	15000
3	2000
3	30000
3	10000
3	5000
3	19000
3	2000
3	3000
3	3000
3	5000
3	6000
3	2000
3	2000
3	3000
3	3000
3	7000
3	3000
3	20000
3	2000
3	12000
3	3000
3	28000
3	11000
3	4000
3	5000
3	1000
3	3000
3	3000
3	2000
3	6000
3	2000
3	3000
3	11000
3	6000
3	3000
3	3000
3	6000
3	2000
3	2000
3	3000
3	1000
3	4000
5	5000
5	6000
5	3000
5	2000
5	3000
5	4000
5	4000
5	10000
5	2000
5	2000
5	4000
5	2000
5	3000
5	2000
5	3000
5	2000
5	6000
5	3000
5	2000
5	4000
5	1000
5	3000
5	11000
5	5000
5	5000
5	3000
5	2000
5	2000
5	4000
5	1000
5	8000
5	2000
5	3000
5	3000
5	7000
5	9000
5	8000
5	1000
5	2000
5	23000
5	18000
5	3000
5	3000
5	13000
5	6000
5	3000
5	2000
5	6000
5	1000
5	14000
5	1000
5	2000
5	2000
5	3000
5	8000
5	5000
5	8000
5	3000
5	2000
5	3000
5	3000
5	4000
5	3000
5	3000
5	3000
5	5000
5	2000
5	10000
5	5000
5	3000
5	2000
5	5000
5	4000
5	48
5	5000
5	2000
5	4000
5	4000
5	5000
5	4000
5	2000
5	1000
5	2000
5	6000
5	4000
5	11000
5	8000
5	5000
5	12000
5	10000
5	4000
5	3000
5	9000
5	3000
5	5000
5	7000
5	7000
5	8000
5	3000
5	1000
5	6000
5	3000
5	3000
5	7000
5	3000
5	2000
5	1000
5	10000
5	1000
5	7000
5	11000
5	10000
5	4000
5	5000
5	5000
5	5000
5	8000
5	2000
5	2000
5	19000
5	10000
5	2000
5	3000
5	2000
5	7000
5	6000
5	6000
5	8000
5	2000
5	3000
5	5000
5	2000
5	11000
5	2000
5	2000
5	6000
5	4000
5	3000
5	2000
5	11000
5	4000
5	5000
5	3000
5	5000
5	3000
5	3000
5	5000
5	5000
5	9000
5	10000
5	4000
5	7000
5	4000
5	2000
5	6000
5	5000
5	2000
5	5000
5	9000
5	6000
5	1000
5	3000
5	7000
5	4000
5	6000
5	5000
5	10592
5	2000
5	4000
5	2000
5	2000
5	9000
5	4000
5	4000
5	5000
5	4000
5	2000
5	8000
5	3000
5	2000
5	3000
5	6000
5	1000
5	4000
5	2000
5	4000
5	3000
5	10000
5	4000
5	1000
5	3000
5	5000
5	3000
5	8000
5	5000
5	4000
5	4000
5	7000
5	1000
5	2000
5	4000
5	2000
5	4000
5	3000
5	3000
5	3000
5	10000
5	12000
5	3000
5	3000
5	4000
5	2000
5	6000
5	3000
5	4000
5	2000
5	3000
5	2000
5	5000
5	1000
5	2000
5	10000
5	1000
5	4000
5	3000
5	7000
5	2000
5	3000
5	5000
5	3000
5	4000
5	4000
5	3000
5	3000
5	2000
5	4000
5	4000
5	6000
5	2000
5	3000
5	3000
5	2000
5	7000
5	9000
5	2000
5	2000
5	3000
5	9000
5	1000
5	3000
5	4000
5	4000
5	8000
5	3000
5	3000
5	2000
5	9000
5	6000
5	10000
5	2000
5	3000
5	3000
5	2000
5	2000
5	2000
5	2000
5	2000
5	2000
5	2000
5	12000
5	5000
5	2000
5	2000
5	4000
5	5000
5	2000
5	3000
5	3000
5	4000
5	2000
5	4000
5	2000
5	10000
5	2000
5	3000
5	4000
5	2000
5	2000
5	2000
5	4000
5	4000
5	2000
5	2000
5	2000
5	3000
5	1000
5	5000
5	3000
5	4000
5	12000
5	2000
5	5000
5	3000
5	6000
5	6000
5	3000
5	4000
5	9000
5	1000
5	4000
5	3000
5	2000
5	13000
5	3000
5	7000
5	4000
5	15000
5	2000
5	3000
5	8000
5	3000
5	3000
5	1000
5	3000
5	4000
5	9000
5	4000
5	1000
5	6000
5	8000
5	6000
5	3000
5	11000
5	5000
5	5000
5	10000
5	3000
5	3000
5	1000
5	10000
5	6000
5	4000
5	3000
5	4000
5	3000
5	2000
5	3000
5	2000
5	3000
5	3000
5	8000
5	3000
5	7000
5	5000
5	4000
5	2000
5	1000
5	3000
5	10000
5	3000
5	4000
5	2000
5	3000
5	7000
5	3000
5	1000
5	2000
5	3000
5	4000
5	2000
5	6000
5	3000
5	5000
5	9000
5	2000
5	2000
5	4000
5	4000
5	5000
5	3000
5	3000
5	2000
5	3000
5	1000
5	3000
5	12000
5	4000
5	2000
5	2000
5	2000
5	2000
5	6000
5	2000
5	2000
5	2000
5	3000
5	2000
5	6000
5	2000
5	3000
5	3000
5	9000
5	7000
5	5000
5	6000
5	7000
5	13000
5	36000
5	6000
5	9000
5	2000
5	11000
5	3000
5	3000
5	6000
5	3000
5	2000
5	5000
5	2000
5	12000
5	5000
5	3000
5	3000
5	2000
5	2000
5	2000
5	5000
5	6000
5	3000
5	6000
5	2000
5	2000
5	8000
5	1000
5	12000
5	9000
5	4000
5	6000
5	2000
5	3000
5	7000
5	4000
5	7000
5	6000
5	9000
5	2000
5	3000
5	4000
5	11000
5	5000
5	10000
5	5000
5	2000
5	2000
5	4000
5	2000
5	9000
5	2000
5	6000
5	1000
5	3000
5	2000
5	2000
5	1000
5	3000
5	7000
5	8000
5	9000
5	4000
5	3000
5	2000
5	3000
5	6000
5	1000
5	6000
5	7000
5	3000
5	2000
5	5000
5	6000
5	7000
5	3000
5	4000
5	4000
5	8000
5	5000
5	3000
5	6000
5	15000
5	6000
5	2000
5	3000
5	3000
5	5000
5	3000
5	3000
5	4000
5	4000
5	2000
5	3000
5	5000
5	4000
5	8000
5	2000
5	6000
5	7000
5	1000
5	2000
5	2000
5	5000
5	2000
5	6000
5	2000
5	3000
5	7000
5	2000
5	2000
5	6000
5	2000
5	3000
5	5000
5	1000
5	3000
5	2000
5	1000
5	2000
5	4000
5	5000
5	3000
5	4000
5	5000
5	7000
5	2000
5	2000
5	4000
5	1000
5	4000
5	3000
5	1000
5	3000
5	3000
5	2000
5	3000
5	2000
5	2000
5	4000
5	13000
5	5000
5	2000
5	11000
5	3000
5	5000
5	6000
5	4000
5	7000
5	6000
5	3000
5	5000
5	15000
5	3000
5	3000
5	5000
5	4000
5	3000
5	4000
5	3000
5	7000
5	1000
5	2000
5	3000
5	3000
5	2000
5	2000
5	5000
5	4000
5	6000
5	5000
5	3000
5	4000
5	1000
5	3000
5	20000
5	6000
5	2000
5	5000
5	5000
5	6000
5	5000
5	12000
5	17000
5	3000
5	5000
5	3000
5	3000
5	3000
5	3000
5	17000
5	1000
5	6000
5	14000
5	10000
5	5000
5	3000
5	27000
5	16000
5	2000
5	3000
5	16000
5	11000
5	5000
5	3000
5	9000
5	6000
5	8000
5	4000
5	7000
5	4000
5	8000
5	3000
5	9000
5	2000
5	6000
5	7000
5	1000
5	3000
5	9000
5	10000
5	16000
5	9000
5	3000
5	5000
5	4000
5	4000
5	3000
5	2000
5	4000
5	9000
5	5000
5	3000
5	5000
5	4000
5	4000
5	2000
5	3000
5	3000
5	3000
5	6000
5	4000
5	2000
5	3000
5	4000
5	4000
5	3000
5	2000
5	9000
5	2000
5	2000
5	8000
5	2000
5	1000
5	2000
5	2000
5	2000
5	2000
5	6000
5	2000
5	3000
5	7000
5	4000
5	2000
5	2000
5	7000
5	4000
5	3000
5	2000
5	12000
5	4000
5	3000
5	3000
5	8000
5	3000
5	2000
5	2000
5	3000
5	4000
5	6000
5	3000
5	8000
5	4000
5	2000
5	5000
5	2000
5	8000
5	4000
5	2000
5	3000
5	3000
5	7000
5	11000
5	3000
5	10000
5	8000
5	5000
5	4000
5	8000
5	11000
5	7000
5	4000
5	4000
5	11000
5	2000
5	11000
5	5000
5	3000
5	5000
5	4000
5	2000
5	6000
5	5000
5	14000
5	5000
5	3000
5	2000
5	4000
5	6000
5	12000
5	2000
5	2000
5	4000
5	3000
5	4000
5	1000
5	3000
5	5000
5	5000
5	3000
5	6000
5	2000
5	6000
5	2000
5	1000
5	1000
5	5000
5	4000
5	6000
5	5000
5	5000
5	3000
5	1000
5	2000
5	3000
5	3000
5	2000
5	1000
5	1000
5	6000
5	21000
5	6000
5	4000
5	2000
5	4000
5	10000
5	1000
5	2000
5	8000
5	3000
5	3000
5	5000
5	3000
5	3000
5	3000
5	21000
5	2000
5	11000
5	5000
5	14000
5	3000
5	2000
5	7000
5	4000
5	8000
5	15000
5	5000
5	7000
5	1000
5	6000
5	3000
5	7000
5	6000
5	2000
5	6000
5	11000
5	2000
5	3000
5	3000
5	3000
5	3000
5	2000
5	2000
5	5000
5	2000
5	2000
5	1000
5	3000
5	5000
5	3000
5	2000
5	2000
5	2000
5	6000
5	4000
5	4000
5	4000
5	2000
5	4000
5	6000
5	8000
5	2000
5	19000
5	2000
5	4000
5	5000
5	15000
5	7000
5	3000
5	3000
5	5000
5	7000
5	7000
5	4000
5	9000
5	7000
5	9000
5	3000
5	4000
5	3000
5	11000
5	9000
5	3000
5	6000
5	3000
5	4000
5	3000
5	3000
5	6000
5	9000
5	3000
5	10000
5	4000
5	2000
5	2000
5	3064
5	3000
5	7000
5	3000
5	4000
5	1000
5	6000
5	2000
5	2000
5	3000
5	2000
5	2000
5	6000
5	3000
5	3000
5	2000
5	7000
5	8000
5	4000
5	5000
5	3000
5	4000
5	1000
5	4000
5	5000
5	3000
5	3000
5	4000
5	2000
5	3000
5	3000
5	5000
5	1000
5	6000
5	11000
5	4000
5	3000
5	13000
5	3000
5	5000
5	3000
5	2000
5	6000
5	2000
5	3000
5	7000
5	7000
5	2000
5	8000
5	3000
5	13000
5	4000
5	7000
5	1000
5	2000
5	5000
5	18000
5	5000
5	3000
5	2000
5	3000
5	10000
5	2000
5	5000
5	2000
5	2000
5	3000
5	5000
5	6000
5	5000
5	3000
5	5000
5	2000
5	3000
5	2000
5	6000
5	2000
5	2000
5	7000
5	3000
5	2000
5	3000
5	2000
5	8000
5	2000
5	6000
5	2000
5	3000
5	3000
5	3000
5	1000
5	7000
5	4000
5	3000
5	5000
5	4000
5	5000
5	6000
5	18000
5	2000
5	2000
5	4000
5	2000
5	4000
5	5000
5	3000
5	4000
5	5000
5	3000
5	8000
5	6000
5	2000
5	4000
5	5000
5	2000
5	6000
5	4000
5	9000
5	3000
5	3000
5	3000
5	11000
5	2000
5	5000
5	9000
5	21000
5	4000
5	7000
5	6000
5	2000
5	3000
5	5000
5	3000
5	2000
5	8000
5	3000
5	12000
5	4000
5	3000
5	3000
5	9000
5	2000
5	7000
5	4000
5	14000
5	3000
5	8000
5	1000
5	8000
5	3000
5	5000
5	3000
5	9000
5	3000
5	1000
5	13000
5	8000
5	7000
5	2000
5	4000
5	2000
5	2000
5	1000
5	2000
5	5000
5	2000
5	6000
5	4000
5	5000
5	1000
5	3000
5	4000
5	9000
5	3000
5	4000
5	5000
5	3000
5	13000
5	4000
5	8000
5	24000
5	2000
5	3000
5	4000
5	4000
5	3000
5	2000
5	13000
5	6000
5	3000
5	6000
5	4000
5	12000
5	9000
5	2000
5	3000
5	17000
5	11000
5	3000
5	3000
5	11000
5	6000
5	2000
5	4000
5	5000
5	2000
5	5000
5	9000
5	4000
5	7000
5	9000
5	3000
5	3000
5	4000
5	7000
5	5000
5	5000
5	7000
5	4000
5	5000
5	6000
5	3000
5	6000
5	4000
5	1000
5	4000
5	29000
5	6000
5	9000
5	2000
5	10000
5	3000
5	3000
5	2000
5	10000
5	7000
5	2000
5	2000
5	7000
5	2000
5	2000
5	4000
5	3000
5	4000
5	2000
5	2000
5	4000
5	6000
5	3000
5	2000
5	2000
5	2000
5	2000
5	3000
5	9000
5	4000
5	3000
5	9000
5	7000
5	2000
5	6000
5	3000
5	2000
5	4000
5	2000
5	8000
5	2000
5	4000
5	9000
5	7000
5	4000
5	3000
5	3000
5	4000
5	2000
5	1000
5	4000
5	13000
5	3000
5	2000
5	4000
5	3000
5	3000
5	4000
5	9000
5	5000
5	6000
5	4000
5	5000
5	3000
5	7000
5	2000
5	12000
5	5000
5	7000
5	6000
5	1000
5	7000
5	3000
5	4000
5	3000
5	2000
5	5000
5	3000
5	3000
5	3000
5	1000
5	2000
5	9000
5	4000
5	2000
5	6000
5	2000
5	9000
5	2000
5	1000
5	4000
5	2000
5	2000
5	4000
5	2000
5	2000
5	3000
5	3000
5	3000
5	4000
5	5000
5	12000
5	2000
5	4000
5	4000
5	6000
5	6000
5	3000
5	2000
5	6000
5	4000
5	1000
5	3000
5	3000
5	2000
5	9000
5	2000
5	2000
5	3000
5	15000
5	2000
5	8000
5	5000
5	2000
5	3000
5	14000
5	5000
5	3000
5	2000
5	2000
5	2000
5	2000
5	7000
5	8000
5	4000
5	4000
5	5000
5	3000
5	5000
5	4000
5	991
5	3000
5	2000
5	2000
5	3000
5	2000
5	1000
5	3000
5	1000
5	7000
5	6000
5	2000
5	2000
5	6000
5	5000
5	7000
5	12000
5	6000
5	4000
5	2000
5	5000
5	4000
5	3000
5	4000
5	12000
5	3000
5	3000
5	1000
5	8000
5	6000
5	2000
5	2000
5	4000
5	2000
5	7000
5	1000
5	3000
5	7000
5	4000
5	29000
5	8000
5	9000
5	3000
5	7000
5	3000
5	8000
5	7000
5	4000
5	3000
5	5000
5	1000
5	2000
5	6000
5	7000
5	6000
5	2000
5	9000
5	6000
5	7000
5	4000
5	10000
5	4000
5	10000
5	4000
5	5000
5	2000
5	11000
5	3000
5	3000
5	2000
5	6000
5	3000
5	11000
5	5000
5	4000
5	4000
5	2000
5	4000
5	5000
5	3000
5	2000
5	3000
5	4000
5	3000
5	3000
5	6000
5	5000
5	3000
5	2000
5	7000
5	2000
5	7000
5	1000
5	3000
5	3000
5	7000
5	2000
5	3000
5	2000
5	1000
5	3000
5	2000
5	4000
5	1000
5	2000
5	6000
5	2000
5	3000
5	2000
5	2000
5	18000
5	3000
5	2000
5	2000
5	3000
5	4000
5	3000
5	4000
5	5000
5	3000
5	5000
5	4000
5	6000
5	3000
5	12000
5	1000
5	2000
5	6000
5	3000
5	9000
5	3000
5	3000
5	3000
5	4000
5	11000
5	4000
5	2000
5	7000
5	7000
5	10000
5	2000
5	2000
5	3000
5	11000
5	11000
5	7000
5	2000
5	3000
5	2000
5	3000
5	4000
5	3000
5	2000
5	2000
5	7000
5	4000
5	8000
5	2000
5	4000
5	4000
5	9000
5	3000
5	6000
5	2000
5	10000
5	1000
5	10000
5	5000
5	2000
5	1000
5	3000
5	3000
5	1000
5	1000
5	1000
5	2000
5	1000
5	1000
5	8000
5	3000
5	6000
5	4000
5	3000
5	13000
5	1000
5	2000
5	2000
5	2000
5	4000
5	2000
5	4000
5	2000
5	4000
5	2000
5	5000
5	2000
5	14000
5	3000
5	15000
5	1000
5	3000
5	3000
5	8000
5	10000
5	4000
5	3000
5	4000
5	3000
5	2000
5	2000
5	6000
5	2000
5	3000
5	20000
5	2000
5	2000
5	4000
5	3000
5	11000
5	3000
5	3000
5	3000
5	5000
5	5000
5	2000
5	4000
5	13000
5	6000
5	4000
5	2000
5	5000
5	14000
5	8000
5	2000
5	3000
5	9000
5	3000
5	4000
5	3000
5	5000
5	1000
5	7000
5	29000
5	7000
5	3000
5	12000
5	7000
5	3000
5	28000
5	1000
5	11000
5	1000
5	3000
5	5000
5	10000
5	11000
5	2000
5	11000
5	2000
5	4000
5	13000
5	1000
5	21000
5	7000
5	2000
5	2000
5	5000
5	5000
5	6000
5	2000
5	3000
5	2000
5	13000
5	10000
5	4000
5	3000
5	4000
5	4000
5	6000
5	5000
5	5000
5	2000
5	2000
5	3000
5	16000
5	3000
5	3000
5	2000
5	11000
5	3000
5	6000
5	14000
5	2000
5	8000
5	3000
5	9000
5	18000
5	4000
5	7000
5	9000
5	6000
5	7000
5	5000
5	4000
5	3000
5	1000
5	3000
5	10000
5	3000
5	4000
5	3000
5	5000
5	2000
5	3000
5	4000
5	7000
5	2000
5	3000
5	3000
5	6000
5	5000
5	7000
5	3000
5	6000
5	4000
5	4000
5	1000
5	2000
5	4000
5	2000
5	5000
5	6000
5	2000
5	2000
5	3000
5	6000
5	3000
5	2000
5	6000
5	3000
5	8000
5	1000
5	2000
5	2000
5	2000
5	2000
5	4000
5	6000
5	2000
5	7000
5	3000
5	2000
5	3000
5	2000
5	2000
5	2000
5	1000
5	4000
5	7000
5	4000
5	2000
5	2000
5	3000
5	3000
5	2000
5	4000
5	1000
5	1000
5	2000
5	3000
5	3000
5	1000
5	2000
5	2000
5	2000
5	3000
5	2000
5	5000
5	2000
5	3000
5	5000
5	2000
5	1000
5	8000
5	3000
5	5000
5	17000
5	2000
5	8000
5	4000
5	4000
5	4000
5	1000
5	5000
5	2000
5	3000
5	13000
5	5000
5	2000
5	2000
5	15000
5	4000
5	3000
5	2000
5	1000
5	1000
5	5000
5	3000
5	3000
5	3000
5	2000
5	5000
5	18000
5	5000
5	4000
5	5000
5	4000
5	3000
5	2000
5	3000
5	426
5	2000
5	3000
5	2000
5	5000
5	3000
5	5000
5	6000
5	5000
5	4000
5	5000
5	6000
5	4000
5	3000
5	5000
5	6000
5	7000
5	2000
5	3000
5	11000
5	2000
5	10000
5	19000
5	11000
5	19000
5	4000
5	2000
5	7000
5	5000
5	7000
5	26000
5	2000
5	3000
5	8000
5	1000
5	3000
5	2000
5	3000
5	5000
5	14000
5	2000
5	3000
5	1000
5	1000
5	2000
5	3000
5	3000
5	3000
5	4000
5	10000
5	3000
5	4000
5	2000
5	7000
5	8000
5	2000
5	5000
5	4000
5	3000
5	3000
5	9000
5	3000
5	2000
5	4000
5	3000
5	2000
5	3000
5	1000
5	10000
5	2000
5	4000
5	6000
5	8000
5	5000
5	2000
5	5000
5	4000
5	1000
5	20000
5	12000
5	3000
5	1000
5	3000
5	8000
5	3000
5	8000
5	2000
5	5000
5	4000
5	20000
5	4000
5	3000
5	3000
5	3000
5	8000
5	1000
5	14000
5	2000
5	1000
5	2000
5	4000
5	5000
5	10000
5	2000
5	1000
5	6000
5	4000
5	2000
5	1000
5	9000
5	3000
5	3000
5	2000
5	1000
5	2000
5	3000
5	2000
5	3000
5	2000
5	3000
5	3000
5	7000
5	2000
5	5000
5	3000
5	7000
5	3000
5	8000
5	3000
5	2000
5	5000
5	8000
5	4000
5	4000
5	3000
5	11000
5	1000
5	3000
5	5000
5	4000
5	8000
5	5000
5	9000
5	4000
5	2000
5	8000
5	3000
5	3000
5	4000
5	5000
5	2000
5	8000
5	2000
5	5000
5	1000
5	3000
5	2000
5	4000
5	1000
5	10000
5	1000
5	5000
5	3000
5	3000
5	4000
5	2000
5	4000
5	2000
5	3000
5	10000
5	2000
5	8000
5	4000
5	8000
5	2000
5	2000
5	7000
5	7000
5	3000
5	6000
5	4000
5	7000
5	2000
5	4000
5	3000
5	4000
5	2000
5	5000
5	7000
5	9000
5	4000
5	4000
5	2000
11	2000
11	3000
11	2000
11	2000
11	2000
11	3000
11	4000
11	3000
11	2000
11	3000
11	6000
11	4000
11	4000
11	3000
11	4000
11	3000
11	2000
11	1000
11	4000
11	3000
11	2000
11	6000
11	3000
11	2000
11	3000
11	4000
11	3000
11	3000
11	2000
11	2000
11	3000
11	2000
11	2000
11	2000
11	2000
11	3000
11	2000
11	1000
11	1000
11	2000
11	3000
11	1000
11	1000
11	2000
11	3000
11	3000
11	4000
11	3000
11	4000
11	1000
11	2000
11	4000
11	3000
11	2000
11	2000
11	3000
11	6000
11	4000
11	4000
11	2000
11	8000
11	2000
11	3000
11	2000
11	7000
11	3000
11	4000
11	5000
11	2000
11	2000
11	1000
11	2000
11	3000
11	2000
11	1000
11	2000
11	2000
11	4000
11	1000
11	2000
11	1000
11	3000
11	2000
11	2000
11	5000
11	5000
11	4000
11	9000
11	3000
11	3000
11	3000
11	4000
11	5000
11	18000
11	6000
11	6000
11	1000
11	4000
11	5000
11	11000
11	2000
11	3000
11	5000
11	6000
11	10000
11	7000
11	6000
11	11000
11	2000
11	5000
11	2000
11	10000
11	2000
11	2000
11	2000
11	5000
11	12000
11	3000
11	4000
11	1000
11	3000
11	3000
11	1000
11	4000
11	1000
11	7000
11	5000
11	2000
11	6000
11	11000
11	2000
11	3000
11	3000
11	2000
11	2000
11	3000
11	5000
11	10000
11	3000
11	5000
11	5000
11	3000
11	4000
11	3000
11	3000
11	5000
11	3000
11	8000
11	2000
11	12000
11	7000
11	2000
11	7000
11	4000
11	1000
11	2000
11	4000
11	3000
11	11000
11	5000
11	2000
11	6000
11	3000
11	8000
11	6000
11	2000
11	3000
11	3000
11	5000
11	3000
11	2000
11	5000
11	2000
11	3000
11	2000
11	13000
11	10000
11	11000
11	12000
11	4000
11	4000
11	2000
11	3000
11	5000
11	6000
11	2000
11	5000
11	2000
11	6000
11	2000
11	1000
11	3000
11	2000
11	2000
11	3000
11	4000
11	3000
11	5000
11	2000
11	2000
11	3000
11	1000
11	4000
11	1000
11	3000
11	2000
11	2000
11	2000
11	3000
11	4000
11	3000
11	4000
11	5000
11	5000
11	5000
11	6000
11	3000
11	3000
11	7000
11	4000
11	2000
11	2000
11	2000
11	11000
11	3000
11	7000
11	6000
11	3000
11	10000
11	4000
11	3000
11	4000
11	8000
11	1000
11	3000
11	4000
11	1000
11	9000
11	3000
11	5000
11	2000
11	3000
11	2000
11	2000
11	2000
11	2000
11	2000
11	5000
11	2000
11	3000
11	5000
11	3000
11	4000
11	7000
11	1000
11	7000
11	13000
11	3000
11	2000
11	3000
11	2000
11	4000
11	3000
11	6000
11	5000
11	1000
11	4000
11	2000
11	6000
11	7000
11	2000
11	6000
11	8000
11	3000
11	3000
11	2000
11	2000
11	3000
11	5000
11	6000
11	2000
11	3000
11	2000
11	2000
11	2000
11	2000
11	6000
11	2000
11	5000
11	3000
11	2000
11	6000
11	13000
11	4000
11	5000
11	8000
11	6000
11	30000
11	1000
11	2000
11	1000
11	3000
11	6000
11	2000
11	3000
11	3000
11	2000
11	3000
11	2000
11	1000
11	2000
11	2000
11	2000
11	9000
11	3000
11	5000
11	1000
11	7000
11	2000
11	2000
11	2000
11	3000
11	1999
11	3000
11	2000
11	8000
11	2000
11	3000
11	3000
11	4000
11	7000
11	2000
11	5000
11	3000
11	5000
11	3000
11	6000
11	3000
11	9000
11	2000
11	4000
11	3000
11	2000
11	1000
11	2000
11	1000
11	2000
11	2000
11	2000
11	6000
11	3000
11	15000
11	5000
11	2000
11	2000
11	3000
11	3000
11	1000
11	2000
11	5000
11	4000
11	6000
11	8000
11	1000
11	5000
11	6000
11	3000
11	2000
11	2000
11	4000
11	2000
11	2000
11	3000
11	1000
11	2000
11	3000
11	2000
11	8000
11	2000
11	8000
11	3000
11	2000
11	2000
11	3000
11	3000
11	4000
11	3000
11	2000
11	3000
11	3000
11	3000
11	2000
11	3000
11	3000
11	3000
11	2000
11	2000
11	3000
11	3000
11	2000
11	4000
11	4000
11	7000
11	5000
11	4000
11	5000
11	3000
11	6000
11	3000
11	1000
11	2000
11	3000
11	2000
11	2000
11	3000
11	3000
11	3000
11	8000
11	3000
11	2000
11	5000
11	4000
11	6000
11	8000
11	10000
11	2000
11	2000
11	2000
11	2000
11	4000
11	4000
11	2000
11	3000
11	1000
11	3000
11	2000
11	1000
11	4000
11	1000
11	2000
11	1000
11	3000
11	2000
11	2000
11	2000
11	3000
11	2000
11	3000
11	2000
11	3000
11	2000
11	5000
11	3000
11	7000
11	2000
11	2000
11	4000
11	2000
11	4000
11	2000
11	2000
11	2000
11	1000
11	5000
11	5000
11	3000
11	3000
11	3000
11	2000
11	2000
11	5000
11	4000
11	5000
11	2000
11	4000
11	1000
11	4000
11	1000
11	2000
11	3000
11	2000
11	2000
11	4000
11	3000
11	2000
11	2000
11	3000
11	2000
11	2000
11	1000
11	2000
11	2000
11	4000
11	1000
11	5000
11	2000
11	3000
11	1000
11	2000
11	3000
11	1000
11	1000
11	2000
11	2000
11	2000
11	1000
11	2000
11	5000
11	3000
11	2000
11	3000
11	3000
11	5000
11	1000
11	3000
11	4000
11	2000
11	2000
11	9000
11	4000
11	3000
11	4000
11	2000
11	3000
11	3000
11	2000
11	5000
11	2000
11	4000
11	2000
11	2000
11	2000
11	1000
11	3000
11	5000
11	1000
11	4000
11	2000
11	2000
11	2000
11	2000
11	3000
11	4000
11	6000
11	3000
11	2000
11	1000
11	11000
11	5000
11	6000
11	4000
11	3000
11	4000
11	7000
11	3000
11	2000
11	3000
11	2000
11	3000
11	4000
11	3000
11	3000
11	5000
11	2000
11	16000
11	8000
11	2000
11	5000
11	3000
11	2000
11	4000
11	2000
11	5000
11	8000
11	4000
11	4000
11	8000
11	1000
11	3000
11	2000
11	10000
11	6000
11	10000
11	15000
11	18000
11	5000
11	3000
11	11000
11	10000
11	1000
11	1000
11	3000
11	2986
11	2000
11	2000
11	2000
11	11000
11	2000
11	3000
11	9000
11	2000
11	1000
11	8000
11	2000
11	1000
11	3000
11	3000
11	3000
11	1000
11	2000
11	2000
11	1000
11	2000
11	3000
11	2000
11	13000
11	6000
11	9000
11	3000
11	2000
11	2000
11	2000
11	3000
11	2000
11	4000
11	3000
11	5000
11	2000
11	2000
11	4000
11	8000
11	2000
11	4000
11	2000
11	3000
11	2000
11	6000
11	5000
11	4000
11	2000
11	11000
11	6000
11	3000
11	5000
11	6000
11	8000
11	1000
11	5000
11	2000
11	3000
11	6000
11	4000
11	3000
11	4000
11	3000
11	2000
11	3000
11	7000
11	8000
11	1000
11	11000
11	3000
11	4000
11	2000
11	2000
11	4000
11	2000
11	7000
11	3000
11	2000
11	3000
11	13000
11	4000
11	3000
11	4000
11	2000
11	2000
11	2000
11	2000
11	2000
11	2000
11	4000
11	2000
11	4000
11	1000
11	5000
11	2000
11	3000
11	2000
11	2000
11	5000
11	4000
11	7000
11	3000
11	1000
11	2000
11	2000
11	2000
11	5000
11	6000
11	5000
11	3000
11	3000
11	2000
11	5000
11	2000
11	10000
11	4000
11	3000
11	1000
11	3000
11	5000
11	2000
11	2000
11	3000
11	3000
11	2000
11	2000
11	7000
11	2000
11	8000
11	3000
11	4000
11	5000
11	3000
11	2000
11	2000
11	2000
11	3000
11	4000
11	3000
11	3000
11	9000
11	2000
11	2000
11	2000
11	5000
11	2000
11	2000
11	2000
11	3000
11	2000
11	3000
11	3000
11	3000
11	6000
11	5000
11	5000
11	10000
11	12000
11	29000
11	4000
11	10000
11	2000
11	3000
11	3000
11	3000
11	2000
11	4000
11	2000
11	2000
11	3000
11	2000
11	8000
11	8000
11	2000
11	2000
11	2000
11	2000
11	3000
11	3000
11	3000
11	3000
11	3000
11	3000
11	1000
11	3000
11	3000
11	4000
11	3000
11	2000
11	5000
11	2000
11	7000
11	3000
11	8000
11	6000
11	6000
11	2000
11	8000
11	6000
11	27000
11	5000
11	1000
11	4000
11	3000
11	7000
11	4000
11	4000
11	4000
11	25000
11	5000
11	5000
11	3000
11	3000
11	4000
11	2000
11	8000
11	3000
11	5000
11	5000
11	9000
11	3000
11	2000
11	2000
11	15000
11	15000
11	16000
11	5000
11	5000
11	2000
11	4000
11	4000
11	2000
11	6000
11	1000
11	2000
11	1000
11	1000
11	2000
11	2000
11	2000
11	6000
11	2000
11	3000
11	2000
11	2000
11	3000
11	2000
11	4000
11	2000
11	2000
11	7000
11	5000
11	5000
11	3000
11	4000
11	3000
11	2000
11	2000
11	4000
11	6000
11	8000
11	10000
11	4000
11	2000
11	3000
11	3000
11	2000
11	3000
11	3000
11	5000
11	6000
11	3000
11	3000
11	2000
11	4000
11	2000
11	5000
11	2000
11	1000
11	4000
11	2000
11	1000
11	8000
11	3000
11	1000
11	1000
11	3000
11	2000
11	3000
11	1000
11	2000
11	8000
11	2000
11	4000
11	3000
11	1000
11	2000
11	4000
11	2000
11	3000
11	1000
11	1000
11	3000
11	2000
11	7000
11	3000
11	3000
11	2000
11	3000
11	1000
11	2000
11	3000
11	2000
11	2000
11	3000
11	3000
11	6000
11	3000
11	8000
11	2000
11	2000
11	2000
11	2000
11	3000
11	2000
11	3000
11	2000
11	2000
11	2000
11	3000
11	1000
11	2000
11	3000
11	4000
11	4000
11	2000
11	1000
11	8000
11	7000
11	8000
11	9000
11	1000
11	2000
11	2000
11	3000
11	3000
11	2000
11	4000
11	7000
11	4000
11	3000
11	4000
11	15000
11	7000
11	6000
11	5000
11	4000
11	10000
11	5000
11	5000
11	4000
11	3000
11	5000
11	7000
11	2000
11	2000
11	1000
11	1000
11	7000
11	2000
11	7000
11	10000
11	2000
11	3000
11	4000
11	3000
11	2000
11	2000
11	4000
11	2000
11	2000
11	3000
11	2000
11	2000
11	9000
11	3000
11	10000
11	4000
11	5000
11	13000
11	8000
11	14000
11	3000
11	18000
11	4000
11	18000
11	4000
11	22000
11	2000
11	4000
11	4000
11	7000
11	4000
11	2000
11	2000
11	7000
11	7000
11	5000
11	1000
11	2000
11	2000
11	9000
11	2000
11	2000
11	2000
11	7000
11	2000
11	5000
11	7000
11	7000
11	2000
11	3000
11	3000
11	4000
11	2000
11	2000
11	9000
11	8000
11	4000
11	3000
11	2000
11	3000
11	1000
11	2000
11	3000
11	12000
11	2000
11	2000
11	2000
11	2000
11	3000
11	2000
11	3000
11	4000
11	3000
11	2000
11	2000
11	2000
11	4000
11	1000
11	5000
11	2000
11	5000
11	4000
11	2000
11	4000
11	1000
11	3000
11	9000
11	6000
11	2197
11	4000
11	2000
11	3000
11	2000
11	1000
11	5000
11	3000
11	2000
11	3000
11	3000
11	5000
11	7000
11	5000
11	3000
11	2000
11	6000
11	3000
11	3000
11	3000
11	4000
11	2000
11	6000
11	2000
11	5000
11	2000
11	4000
11	3000
11	3000
11	2000
11	2000
11	3000
11	3000
11	5000
11	2000
11	2000
11	2000
11	1000
11	2000
11	6000
11	8000
11	3000
11	2000
11	5000
11	10000
11	2000
11	3000
11	2000
11	3000
11	2000
11	3000
11	4000
11	1000
11	1000
11	1000
11	3000
11	2000
11	2000
11	2000
11	3000
11	11000
11	7000
11	5000
11	7000
11	5000
11	3000
11	3000
11	4000
11	2000
11	6000
11	2000
11	2000
11	3000
11	3000
11	6000
11	4000
11	2000
11	4000
11	2000
11	3000
13	2000
13	3000
13	2000
13	7000
13	6000
13	6000
13	98000
13	1000
13	2000
13	3000
13	3000
13	4000
13	4000
13	3000
13	5000
13	5000
13	5000
13	5000
13	6000
13	6000
13	2000
13	6000
13	3000
13	6000
13	2000
13	4000
13	2000
13	3000
13	2000
13	3000
13	49000
13	2000
13	1000
13	6000
13	3000
13	1000
13	6000
13	4000
13	2000
13	2000
13	2000
13	6000
13	3000
13	2000
13	4000
13	5000
13	3000
13	1000
13	5000
13	3000
13	2000
13	3000
13	3000
13	2000
13	3000
13	2000
13	4000
13	3000
13	2000
13	4000
13	3000
13	5000
13	1000
13	6000
13	3000
13	5000
13	1000
13	5000
13	2000
13	4000
13	3000
13	4000
13	7000
13	2000
13	3000
13	3000
13	6000
13	121000
13	4000
13	6000
13	1000
13	4000
13	5000
13	4000
13	6000
13	33000
13	7000
13	8000
13	6000
13	12000
13	2000
13	79000
13	4000
13	3000
13	5000
13	6000
13	3000
13	4000
13	3000
13	2000
13	6000
13	2000
13	8000
13	9000
13	3000
13	2000
13	6000
13	7000
13	5000
13	2000
13	2000
13	5000
13	4000
13	2000
13	3000
13	4000
13	6000
13	2000
13	4000
13	9000
13	3000
13	5000
13	11000
13	2000
13	2000
13	5000
13	3000
13	5000
13	1000
13	2000
13	1000
13	3000
13	4000
13	6000
13	6000
13	5000
13	6000
13	4000
13	3000
13	4000
13	2000
13	3000
13	6000
13	2000
13	6000
13	7000
13	2000
13	4000
13	6000
13	3000
13	5000
13	2000
13	3000
13	35000
13	44000
13	4000
13	150000
13	10000
13	10000
12	2000
12	3000
12	3000
12	2000
12	11000
12	2000
12	2000
12	2000
12	4000
12	3000
12	2000
12	3000
12	2000
12	2000
12	3000
12	2000
12	5000
12	4000
12	2000
12	2000
12	2000
12	2000
12	2000
12	3000
12	2000
12	2000
12	2000
12	5000
12	3000
12	2000
12	6000
12	6000
12	2000
12	2000
12	2000
12	2000
12	2000
12	2000
12	2000
12	2000
12	1000
12	2000
12	2000
12	4000
12	28000
12	2000
12	26000
12	3000
12	5000
12	7000
12	3000
12	2000
12	2000
12	4000
12	2000
12	2000
12	2000
12	2000
12	2000
12	2000
12	2000
12	2000
12	2000
12	2000
12	2000
12	7000
12	2000
