label	length
4	2000
4	2000
4	3000
4	4000
4	3000
4	4000
4	3000
4	2000
4	2000
4	2000
4	4000
4	8000
4	2000
4	3000
4	4000
4	4000
4	2000
4	2000
4	2000
4	2000
4	2000
4	2000
4	3000
4	2000
4	2000
4	2000
4	2000
4	2000
4	2000
4	3000
4	3000
4	3000
4	3000
4	2000
4	2000
4	3000
4	2000
4	2000
4	3000
4	2000
4	2000
4	5000
4	4000
4	2000
4	6000
4	2000
4	4000
4	5000
4	2000
4	3000
4	2000
4	2000
4	2000
4	2000
4	2000
4	4000
4	9000
4	2000
4	2000
4	2000
4	2000
4	2000
4	2000
4	2000
4	5000
4	4000
4	2000
4	2000
4	5000
4	2000
4	3000
4	2000
4	2000
4	2000
4	2000
4	2000
4	3000
4	3000
4	4000
4	2000
4	2000
4	2000
4	2000
4	2000
4	3000
4	7000
4	6000
4	3000
4	2000
4	2000
4	2000
4	2000
4	2000
4	3000
4	3000
4	2000
4	2000
4	2000
4	2000
4	2000
4	2000
4	3000
4	3000
4	3000
4	7000
4	2000
4	2000
4	2000
4	2000
4	3000
4	3000
4	2000
4	2000
4	3000
4	2000
4	2000
4	2000
4	2000
4	4000
4	7000
4	2000
4	2000
4	2000
4	2000
4	2000
4	4000
4	2000
4	2000
4	2000
7	4000
7	3000
7	2000
7	3000
7	2000
7	2000
7	2000
7	5000
7	4000
7	5000
7	2000
7	2000
7	2000
7	2000
7	2000
7	2000
7	2000
7	4000
7	2000
7	2000
7	4000
7	3000
7	2000
7	2000
7	2000
7	2000
7	4000
7	4000
7	3000
7	3000
7	2000
7	2000
7	2000
7	2000
7	6000
7	2000
7	2000
7	2000
7	2000
7	4000
7	2000
7	2000
7	1000
7	2000
7	2000
7	2000
7	2000
7	3000
7	2000
7	2000
7	2000
7	2000
7	2000
7	2000
7	2000
7	7000
7	2000
7	2000
7	2000
7	2000
7	2000
7	3000
7	3000
7	3000
7	2000
7	2000
7	2000
7	2000
7	2000
7	2000
7	6000
7	2000
7	6000
7	2000
7	2000
7	2000
7	2000
7	6000
7	2000
7	2000
7	2000
7	2000
7	5000
7	2000
7	2000
7	5000
7	3000
7	2000
7	5000
7	2000
7	3000
7	4000
7	2000
7	2000
7	2000
7	1000
7	8000
7	3000
7	2000
7	2000
7	2000
7	2000
7	2000
7	2000
7	2000
7	3000
7	3000
7	9000
7	4000
7	2000
7	2000
7	3000
7	2000
7	2000
7	2000
7	2000
7	4000
7	2000
7	6000
7	4000
7	2000
7	3000
7	3000
7	2000
7	2000
7	5000
7	2000
7	2000
7	2000
7	3000
7	2000
7	2000
7	2000
7	2000
7	2000
7	2000
7	2000
7	3000
7	2000
7	2000
7	2000
7	2000
7	2000
7	2000
7	2000
7	2000
7	2000
7	2000
7	3000
7	2000
7	2000
7	9000
7	2000
7	3000
7	3000
7	2000
7	2000
7	2000
7	2000
7	3000
7	3000
7	2000
7	2000
7	2000
7	3000
7	2000
7	2000
7	3000
7	4000
7	2000
7	3000
7	8000
7	3000
7	4000
7	2000
7	2000
7	2000
7	2000
7	3000
7	2000
7	2000
7	2000
7	2000
7	3000
7	2000
7	2000
7	3000
7	2000
7	3000
7	8000
7	2000
7	2000
7	2000
7	2000
7	2000
7	2000
7	2000
7	3000
7	2000
7	2000
7	2002
7	2000
7	2000
7	2000
7	2000
7	2000
7	5000
7	2000
7	3000
7	2000
7	3000
7	4000
7	2000
7	2000
7	2000
7	2000
7	2000
7	2000
7	2000
7	5000
7	3000
7	3000
7	2000
7	4000
7	2000
7	3000
7	2000
7	2000
7	3000
7	2000
7	2000
7	2000
7	2000
7	3000
7	4000
7	1000
7	2000
7	1000
7	2000
7	2000
7	4000
7	3000
7	4000
7	2000
7	2000
7	2000
7	2000
7	2000
7	4000
7	2000
7	2000
7	3000
7	2000
7	4000
7	3000
7	2000
7	3000
7	2000
7	2000
7	2000
7	2000
7	2000
7	2000
7	2000
7	2000
7	2000
7	2000
7	2000
7	3000
7	2000
7	3000
7	2000
7	2000
7	3000
7	3000
7	3000
7	2000
7	2000
7	2000
7	2000
7	3000
7	3000
7	2000
7	2000
7	2000
7	2000
7	4000
7	4000
7	4000
7	4000
7	4000
7	2000
7	2000
7	2000
7	3000
7	2000
7	2000
7	2000
7	2000
7	2000
7	2000
7	2000
7	3000
7	2000
7	3000
7	2000
7	4000
7	5000
7	2000
7	3000
7	2000
7	2000
7	2000
7	3000
7	2000
7	2000
7	2000
7	2000
7	2000
7	4000
7	2000
7	7000
7	2000
7	2000
7	2000
7	2000
7	2000
7	2000
7	5000
7	2000
7	2000
7	2000
7	3000
7	2000
7	2000
7	3000
7	5000
7	2000
7	2000
7	2000
7	4000
7	4000
7	5000
7	2000
7	3000
7	2000
7	4000
7	4000
7	5000
7	2000
7	2000
7	3000
7	3000
7	3000
7	5000
7	2000
7	4000
7	5000
7	2000
7	5000
7	2000
7	4000
7	2000
7	3000
7	2000
7	3000
7	2000
7	4000
7	2000
7	2000
7	2000
7	2000
7	2000
7	2000
7	2000
7	3000
7	2000
7	3000
7	3000
7	2000
7	2000
7	2000
7	3000
7	5000
7	2000
7	2000
7	3000
7	2000
7	5000
7	2000
7	2000
7	2000
7	2000
7	3000
7	4000
7	3000
7	2000
7	2000
7	2000
7	4000
7	2000
7	2000
7	2000
7	2000
7	2000
7	2000
7	2000
7	2000
7	2000
7	7000
7	4000
7	2000
7	2000
7	3000
7	2000
7	3000
7	2000
7	5000
7	3000
7	4000
7	3000
7	2000
7	3000
7	2000
7	5000
7	2000
7	2000
7	3000
7	8000
7	2000
7	2000
7	2000
7	2000
7	4000
7	3000
7	5000
7	2000
7	2000
7	4000
7	2000
7	3000
7	3000
7	5000
7	4000
7	4000
7	2000
7	2000
7	3000
7	3000
7	2000
7	4000
7	4000
7	2000
7	2000
7	2000
7	2000
7	2000
7	2000
7	2000
7	5000
7	3000
7	3000
7	3000
7	2000
7	2000
7	4000
7	2000
7	2000
7	2000
7	2000
7	2000
7	2000
7	2000
7	6000
7	3000
7	2000
7	2000
7	2000
7	2000
7	2000
7	2000
7	3000
7	3000
7	2000
7	2000
7	2000
7	3000
7	2000
7	2000
7	3000
7	9000
7	6000
7	1000
7	2000
7	3000
7	3000
7	2000
7	2000
7	2000
7	2000
7	3000
7	2000
7	4000
7	5000
7	2000
7	2000
7	2000
7	3000
7	2000
7	2000
7	2000
7	2000
7	3000
7	4000
7	2000
7	2000
7	2000
7	2000
7	1590
8	4000
8	2000
8	2000
8	2000
8	3000
8	3000
8	2000
8	2000
8	3000
8	2000
8	2000
8	4000
8	3000
8	2000
8	4000
8	3000
8	3000
8	2000
8	2000
8	2000
8	2000
8	4000
8	3000
8	2000
8	3000
8	2000
8	3000
8	2000
8	2000
8	4000
8	3000
8	3000
8	2000
8	4000
8	3000
8	3000
8	2000
8	2000
8	2000
8	3000
8	2000
8	2000
8	2000
8	3000
8	5000
8	4000
8	2000
8	8000
8	3000
8	8000
8	3000
8	3000
8	2000
8	2000
8	2000
8	5000
8	3000
8	3000
8	2000
8	3000
8	4000
8	2000
8	4000
8	4000
8	2000
8	3000
8	2000
8	4000
8	5000
8	3000
8	2000
8	2000
8	3000
8	5000
8	5000
8	6000
8	8000
8	2000
8	3000
8	2000
8	2000
8	2000
8	2000
8	3000
8	2000
8	2000
8	2000
8	3000
8	2000
8	6000
8	3000
8	4000
8	2000
8	5000
8	3000
8	3000
8	14000
8	2000
8	2000
8	2000
8	3000
8	4000
8	8000
8	3000
8	2000
8	4000
8	2000
8	3000
6	19000
6	12000
6	15000
6	12000
6	22000
6	5000
6	2000
6	28000
6	5000
6	3000
6	3000
6	4000
6	2000
6	3000
6	2000
6	3000
6	7000
6	10000
6	5000
6	4000
6	3000
6	10000
6	9000
6	3000
6	7000
6	8000
6	11000
6	4000
6	7000
6	8000
6	4000
6	9000
6	2000
6	7000
6	26000
6	7000
6	8000
6	34000
6	7000
6	7000
6	2000
6	7000
6	5000
6	5000
6	7000
6	8000
6	9000
6	4000
6	9000
6	30000
6	13000
6	41000
6	3000
6	4000
6	17000
6	18000
6	3000
6	47000
6	22000
6	2000
6	14000
6	4000
6	6000
6	3000
6	46000
6	3000
6	3000
6	43000
6	2000
6	29000
6	1000
6	3000
6	2000
6	4000
6	7000
6	24000
6	2000
6	3000
6	8000
6	11000
6	5000
6	22000
6	15000
6	5000
6	3000
6	11000
6	9000
6	3000
6	2000
6	5000
6	17000
6	15000
6	24000
6	8000
6	6000
6	2000
6	3000
6	24000
6	22000
6	11000
6	3000
6	4000
6	2000
6	2000
6	7000
6	5000
6	5000
6	7000
6	4000
6	2000
6	5000
6	5000
6	7000
6	4000
6	2000
6	6000
6	9000
6	2000
6	11000
6	6000
6	6000
6	2000
6	2000
6	24000
6	15000
6	63000
6	2000
6	22000
6	15000
6	6000
6	6000
6	4000
6	2000
6	2000
6	12000
6	3000
6	8000
6	5000
6	2000
6	5000
6	12000
6	5000
6	2000
6	7000
6	5000
6	3000
6	2000
6	58000
6	34000
6	3000
6	5000
6	16000
6	67000
6	4000
6	7000
6	5000
6	8000
6	3000
6	20000
6	3000
6	2000
6	2000
6	5000
6	23000
6	2000
6	4000
6	10000
6	23000
6	5000
6	10000
6	2000
6	17000
6	23000
6	5000
6	2000
6	8000
6	25000
6	8000
6	7000
6	6000
6	4000
6	2000
6	6000
6	5000
6	2000
6	2000
6	2000
6	3000
6	4000
6	11000
6	2000
6	3000
6	3000
6	7000
6	4000
6	5000
6	4000
6	21000
6	10000
6	2000
6	2000
6	2000
6	4000
6	3000
6	3000
6	6000
6	4000
6	2000
6	8000
6	4000
6	2000
6	12000
6	22000
6	3000
6	3000
6	21000
6	2000
6	3000
6	3000
6	2000
6	2000
6	8000
6	3000
6	2000
6	5000
6	25000
6	32000
6	33000
6	4000
6	3000
6	16000
6	1000
6	6000
6	8000
6	3000
6	5000
6	4000
6	7000
6	20000
6	17000
6	14000
6	2000
6	9000
6	7000
6	5000
6	4000
6	4000
6	2000
6	4000
6	2000
6	3000
6	8000
6	4000
6	6000
6	2000
6	16000
6	9000
6	5000
6	1000
6	3000
6	12000
6	3000
10	2000
10	3000
10	2000
10	2000
10	2000
10	3000
10	3000
10	4000
10	2000
10	3000
10	5000
10	2000
10	2000
10	3000
10	2000
10	2000
10	2000
10	3000
10	1000
10	2000
10	2000
10	2000
10	2000
10	3000
10	2000
10	2000
10	5000
10	4000
10	3000
10	3000
10	2000
10	5000
10	5000
10	2000
10	4000
10	3000
10	3000
10	2000
10	4000
10	2000
10	2000
10	2000
10	2000
10	2000
10	6000
10	3000
10	3000
10	3000
10	2000
10	8000
10	4000
10	3000
10	2000
10	2000
10	2000
10	6000
10	2000
10	2000
10	8000
10	3000
10	2000
10	2000
10	2000
10	2000
10	7000
10	3000
10	5000
10	4000
10	7000
10	4000
10	3000
10	2000
10	3000
10	5000
10	4000
10	3000
10	3000
10	2000
10	2000
10	2000
10	6000
10	2000
10	3000
10	2000
10	2000
10	2000
10	2000
10	5000
10	2000
10	2000
10	2000
10	2000
10	2000
10	3000
10	4000
10	3000
10	2000
10	4000
10	2000
10	4000
10	2000
10	3000
10	2000
10	7000
10	2000
10	3000
10	4000
10	2000
10	2000
10	5000
10	5000
10	3000
10	10000
10	7000
10	2000
10	2000
10	2000
10	8000
10	2000
10	2000
10	2000
10	2000
10	4000
10	2000
10	11000
10	8000
10	3000
10	2000
10	2000
10	2000
10	2000
10	2000
10	2000
10	3000
9	4000
9	4000
9	2000
9	3000
9	2000
9	2000
9	2000
9	1000
9	3000
9	6000
9	3000
9	3000
9	2000
9	3000
9	2000
9	2000
9	2000
9	3000
9	2000
9	3000
9	3000
9	3000
9	2000
9	2000
9	3000
9	2000
9	3000
9	13000
9	2000
9	2000
9	18000
9	3000
9	5000
9	18000
9	2000
9	1000
9	3000
9	8000
9	2000
9	2000
9	2000
9	3000
9	3000
9	2000
9	2000
9	2000
9	2000
9	3000
9	7000
9	1000
9	3000
9	2000
9	3000
9	2000
9	2000
9	3000
9	3000
9	4000
9	3000
9	2000
9	2000
9	2000
9	3000
9	4000
9	2000
9	6000
9	2000
9	1000
9	4000
9	2000
9	6000
9	4000
9	3000
9	4000
9	2000
9	2000
9	2000
9	2000
9	1000
9	5000
9	5000
9	6000
9	1000
9	8000
9	2000
9	5000
9	6000
9	1000
9	9000
9	1000
9	9000
9	9000
9	2000
9	3000
9	3000
9	6000
9	2000
9	1000
9	3000
9	3000
9	3000
9	2000
9	2000
9	2000
9	2000
9	2000
9	2000
9	3000
9	1000
9	3000
9	4000
9	2000
9	3000
9	6000
9	2000
9	3000
9	2000
9	1000
9	4000
9	2000
9	1000
9	2000
9	1000
9	5000
9	2000
9	5000
9	6000
9	1000
9	2000
9	7000
9	3000
9	2000
9	2000
9	7000
9	3000
9	2000
9	2000
9	3000
9	2000
9	4000
9	4000
9	3000
9	3000
9	5000
9	4000
9	2000
9	2000
9	5000
9	12000
9	6000
9	2000
9	7000
9	3000
9	2000
9	2000
9	2000
9	4000
9	3000
9	2000
9	2000
9	2000
9	16000
9	3000
9	4000
9	5000
9	4000
9	2000
9	3000
9	1000
9	14000
9	2000
9	2000
9	6000
9	3000
9	2000
9	3000
9	3000
9	2000
9	2000
9	3000
9	10000
9	2000
9	2000
9	2000
9	2000
9	3000
9	2000
9	2000
9	3000
9	13000
9	5000
9	2000
9	2000
9	3000
9	2000
9	8000
9	2000
9	3000
9	2000
9	4000
9	2000
9	2000
9	2000
9	4000
9	2000
9	3000
9	3000
9	6000
9	2000
9	3000
9	3000
9	4000
9	2000
9	3000
9	3000
9	2000
9	2000
9	5000
9	20000
9	8000
9	2000
9	3000
9	7000
9	3000
9	3000
9	5000
9	2000
9	3000
9	2000
9	2000
9	3000
9	4000
9	2000
9	2000
9	2000
9	3000
9	3000
9	9000
9	3000
9	6000
9	2000
9	2000
9	12000
9	2000
9	3000
9	5000
9	9000
9	2000
9	2000
9	3000
9	2000
9	2000
9	4000
9	4000
9	3000
9	1000
9	7000
9	3000
9	4000
9	2000
9	8000
9	5000
9	1000
9	5000
9	2000
9	4000
9	4000
9	9000
9	7000
9	3000
9	2000
9	7000
9	5000
9	3000
9	3000
9	3000
9	5000
9	4000
9	9000
9	4000
9	3000
9	2000
9	12000
9	4000
9	18000
9	6000
9	1000
9	1000
9	2000
9	6000
9	5000
9	2000
9	2000
9	2000
9	1000
9	6000
9	3000
9	8000
9	3000
9	1000
9	6000
9	4000
9	3000
9	6000
9	9000
9	8000
9	29000
9	21000
9	16000
9	22000
9	23000
9	4000
9	3000
9	8000
9	10000
9	2000
9	3000
9	2000
9	5000
9	4000
9	6000
9	5000
9	4000
9	6000
9	3000
9	10000
9	3000
9	2000
9	2000
9	2000
9	4000
9	2000
9	2000
9	2000
9	2000
9	6000
9	7000
9	20000
9	3000
9	3000
9	11000
9	7000
9	11000
9	7000
9	9000
9	5000
9	3000
9	3000
9	2000
9	9000
9	10000
9	4000
9	3000
9	5000
9	2000
9	4000
9	8000
9	6000
9	4000
9	3000
9	2000
9	2000
9	2000
9	10000
9	4000
9	8000
9	2000
9	4000
9	28000
9	20000
9	5000
9	55000
9	23000
9	6000
9	27000
9	33000
9	2000
9	3000
9	9000
9	82000
9	1000
9	6000
9	15000
9	12000
9	10000
9	33000
9	13000
9	15000
9	14000
9	4000
9	33000
9	22000
9	12000
9	2000
9	1000
9	3000
9	3000
9	2000
9	3000
9	8000
9	6000
9	3000
9	4000
9	2000
9	3000
9	4000
9	3000
9	2000
9	2000
9	4000
9	3000
9	2000
9	2000
9	4000
9	3000
9	2000
9	4000
9	3000
9	4000
9	4000
9	2000
9	4000
9	3000
9	1000
9	2000
9	2000
9	6000
9	4000
9	2000
2	22000
2	6000
2	2000
2	4000
2	5000
2	2000
2	2000
2	6000
2	4000
2	6000
2	5000
2	2000
2	2000
2	14000
2	5000
2	5000
2	2000
2	2000
2	2000
2	5000
2	2000
2	2000
2	2000
2	2000
2	9000
2	2000
2	4000
2	2000
2	2000
2	5000
2	10000
2	6000
2	3000
2	2000
2	2000
2	30000
2	2000
2	11000
2	5000
2	6000
2	2000
2	2000
2	4000
2	6000
2	2000
2	2000
2	6000
2	2000
2	6000
2	18000
2	2000
2	4000
2	2000
2	2000
2	2000
2	3000
2	7000
2	6000
2	2000
2	3000
2	8000
2	3000
2	22000
2	3000
2	6000
2	6000
2	5000
2	3000
2	24000
2	6000
2	3000
2	12000
2	2000
2	2000
2	2000
2	2000
2	2000
2	4000
2	2000
2	2000
2	2000
2	13000
2	2000
2	3000
2	2000
2	7000
2	7000
2	15000
2	3000
2	9000
2	5000
2	10000
2	8000
2	2000
2	2000
2	2000
2	3000
2	2000
2	15000
2	13000
2	2000
2	3000
2	6000
2	17000
2	8000
2	19000
2	2000
2	9000
2	2000
2	6000
2	2000
2	2000
2	7000
2	2000
2	2000
2	3000
2	3000
2	7000
2	6000
2	7000
2	5000
2	17000
2	6000
2	7000
2	3000
2	3000
2	5000
2	2000
2	2000
2	5000
2	2000
2	2000
2	2000
2	1000
2	2000
2	2000
2	7000
2	18000
2	2000
2	2000
2	5000
2	3000
2	9000
2	5000
2	4000
2	5000
2	15000
2	5000
2	21000
2	14000
2	7000
2	2000
2	2000
2	4000
2	2000
2	6000
2	3000
2	2000
2	2000
2	7000
2	3000
2	3000
2	2000
2	3000
2	7000
2	2000
2	4000
2	2000
2	2000
2	2000
2	3000
2	2000
2	4000
2	4000
2	2000
2	2000
2	3000
2	16000
2	12000
2	7000
3	2000
3	7000
3	2000
3	13000
3	5000
3	2000
3	7000
3	2000
3	3000
3	4000
3	4000
3	3000
3	4000
3	2000
3	2000
3	6000
3	2000
3	4000
3	2000
3	5000
3	2000
3	3000
3	6000
3	12000
3	4000
3	12000
3	20000
3	4000
3	3000
3	3000
3	13000
3	11000
3	14000
3	4000
3	4000
3	7000
3	12000
3	8000
3	4000
3	9000
3	3000
3	17000
3	4000
3	18000
3	31000
3	19000
3	4000
3	5000
3	3000
3	5000
3	12000
3	3000
3	21000
3	4000
3	13000
3	6000
3	3000
3	16000
3	13000
3	1000
3	1000
3	5000
3	4000
3	6000
3	2000
3	3000
3	2000
3	4000
3	2000
3	3000
3	4000
3	10000
3	3000
3	5000
3	3000
3	1000
3	3000
3	4000
3	3000
3	2000
3	2000
3	7000
3	5000
3	6000
3	3000
3	4000
3	4000
3	3000
3	5000
3	11000
3	5000
3	20000
3	2000
3	5000
3	1000
3	1000
3	7000
3	2000
3	15000
3	9000
3	2000
3	3000
3	2000
3	6000
3	3000
3	4000
3	9000
3	4000
3	3000
3	6000
3	1000
3	2000
3	4000
3	2000
3	9000
3	3000
3	3000
3	4000
3	5000
3	7000
3	4000
3	5000
3	1000
3	3000
3	3000
3	5000
3	5000
3	4000
3	2000
3	2000
3	4000
3	6000
3	2000
3	1000
3	2000
3	2000
3	4000
3	2000
3	2000
3	3000
3	4000
3	3000
3	4000
3	3000
3	3000
3	3000
3	5000
3	4000
3	1000
3	2000
3	4000
3	3000
3	1000
3	4000
3	3000
3	3000
3	5000
3	14000
3	12000
3	2000
3	3000
3	1000
3	6000
3	8000
3	1000
3	3000
3	2000
3	2000
3	1000
3	3000
3	3000
3	14000
3	3000
3	2000
3	2000
3	2000
3	3000
3	5000
3	5000
3	2000
3	2000
3	3000
3	6000
3	3000
3	5000
3	3000
3	3000
3	2000
3	4000
3	2000
3	1000
3	5000
3	10000
3	4000
3	5000
3	1000
3	2000
3	7000
3	2000
3	2000
3	5000
3	6000
3	2000
3	2000
3	8000
3	2000
3	2000
3	17000
3	3000
3	2000
3	3000
3	5000
3	3000
3	3000
3	4000
3	2000
3	2000
3	2000
3	4000
3	2000
3	3000
3	3000
3	5000
3	3000
3	10000
3	1000
3	6000
3	9000
3	2000
3	4000
3	2000
3	4000
3	5000
3	2000
3	3000
3	2000
3	2000
3	2000
3	1000
3	2000
3	3000
3	7000
3	12000
3	8000
3	4000
3	5000
3	7000
3	3000
3	2000
3	30000
3	8000
3	2000
3	3000
3	3000
3	4000
3	3000
3	9000
3	6000
3	10000
3	2000
3	3000
3	6000
3	12000
3	2000
3	3000
3	2000
3	2000
3	2000
3	4000
3	2000
3	2000
3	4000
3	2000
3	1000
3	4000
3	8000
3	2000
3	3000
3	2000
3	2000
3	9000
3	1000
3	2000
3	2000
3	1000
3	2000
3	1000
3	2000
3	3000
3	1000
3	3000
3	3000
3	8000
3	6000
3	3000
3	2000
3	7000
3	2000
3	4000
3	2000
3	6000
3	5000
3	2000
3	2000
3	3000
3	5000
3	3000
3	1000
3	9000
3	5000
3	3000
3	1000
3	5000
3	3000
3	2000
3	2000
3	5000
3	2000
3	4000
3	3000
3	1000
3	3000
3	5000
3	3000
3	4000
3	2000
3	2000
3	3000
3	2000
3	2000
3	2000
3	6000
3	2000
3	2000
3	2000
3	2000
3	8000
3	3000
3	11000
3	4000
3	7000
3	7000
3	3000
3	4000
3	3000
3	21000
3	2000
3	4000
3	6000
3	7000
3	3000
3	6000
3	9000
3	3000
3	7000
3	3000
3	17000
3	20000
3	16000
3	3000
3	5000
3	5000
3	2000
3	12000
3	6000
3	7000
3	14000
3	14000
3	3000
3	5000
3	5000
3	7000
3	3000
3	4000
3	15000
3	3000
3	6000
3	6000
3	9000
3	22000
3	4000
3	6000
3	6000
3	3000
3	4000
3	3000
3	4000
3	22000
3	3000
3	2000
3	12000
3	2000
3	4000
3	11000
3	4000
3	3000
3	3000
3	4000
3	4000
3	4000
3	2000
3	1000
3	4001
3	31000
3	49000
3	126000
3	2000
3	19000
3	8000
3	22000
3	3000
3	26000
3	17000
3	4000
3	15000
3	3000
3	1000
3	8000
3	2000
3	3000
3	7000
3	15000
3	27000
3	10000
3	3000
3	13000
3	3000
3	2000
3	2000
3	1000
3	2000
3	4000
3	2000
3	5000
3	2000
3	3000
3	3000
3	3000
3	4000
3	1000
3	5000
3	4000
3	2000
3	2000
3	7000
3	1000
3	4000
3	3000
3	2000
3	9000
3	1000
3	4000
3	3000
3	2000
3	3000
3	1000
3	4000
3	2000
3	1000
3	2000
3	3000
3	2000
3	2000
3	2000
3	4000
3	4000
3	4000
3	4000
3	3000
3	5000
3	3000
3	3000
3	3000
3	4000
3	1000
3	2000
3	2000
3	4000
3	2000
3	2000
3	5000
3	1000
3	2000
3	4000
3	1000
3	3000
3	7000
3	1000
3	6000
3	6000
3	2000
3	3000
3	5000
3	5000
3	3000
3	2000
3	2000
3	2000
3	1000
3	7000
3	8000
3	3000
3	2000
3	7000
3	2000
3	2000
3	8000
3	4000
3	4000
3	2000
3	1000
3	4000
3	2000
3	3000
3	2000
3	4000
3	14000
3	7000
3	10000
3	4000
3	8000
3	2000
3	11000
3	4000
3	4000
3	2000
3	4000
3	19000
3	8000
3	15000
3	18000
3	3000
3	7000
3	9000
3	4000
3	1000
3	2000
3	4000
3	2000
3	5000
3	3000
3	2000
3	4000
3	5000
3	3000
3	6000
3	8000
3	9000
3	9876
3	15000
3	33000
3	24000
3	15000
3	8000
3	2000
3	10000
3	36000
3	21000
3	2000
3	42000
3	29000
3	26000
3	13000
3	43000
3	12000
3	11000
3	4000
3	11000
3	7000
3	10000
3	36000
3	4000
3	13000
3	2000
3	2000
3	4000
3	7000
3	3000
3	2000
3	1000
3	7000
3	3000
3	2000
3	3000
3	3000
3	5000
3	3000
3	3000
3	3000
3	2000
3	4000
3	3000
3	1000
3	3000
3	6000
3	4000
3	6000
3	1000
3	2000
3	2000
3	3000
3	4000
3	7000
3	4000
3	1000
3	4000
3	12000
3	4000
3	3000
3	3000
3	12000
3	2000
3	4000
3	5000
3	2000
3	2000
3	3000
3	3000
3	1000
3	4000
3	3000
3	14000
3	4000
3	7000
3	4000
3	2000
3	3000
3	1000
3	1000
3	9000
3	9000
3	2000
3	9000
3	2000
3	2000
3	4000
3	3000
3	2000
3	3000
3	2000
3	3000
3	3000
3	5000
3	6000
3	6000
3	1000
3	1000
3	11000
3	2000
3	4000
3	3000
3	2000
3	1000
3	4000
3	2000
3	4000
3	3000
3	3000
3	2000
3	2000
3	9000
3	13000
3	3000
3	6000
3	12000
3	2000
3	3000
3	2000
3	1000
3	5000
3	4000
3	3000
3	2000
3	4000
3	4000
3	6000
3	3000
3	3000
3	2000
3	5000
3	3000
3	6000
3	6000
3	5000
3	3000
3	3000
3	2000
3	3000
3	2000
3	4000
3	3000
3	3000
3	5000
3	4000
3	3000
3	4000
3	2000
3	4000
3	2000
3	4000
3	2000
3	1000
3	17000
3	3000
3	8000
3	18000
3	1000
3	10000
3	2000
3	2000
3	5000
3	2000
3	2000
3	3000
3	4000
3	8000
3	2000
3	3000
3	12000
3	6000
3	3000
3	21000
3	4000
3	3000
3	5000
3	3000
3	3000
3	2000
3	1000
3	3000
3	2000
3	7000
3	3000
3	4000
3	2000
3	3000
3	2000
3	2000
3	3000
3	1000
3	1000
3	8000
3	5000
3	4000
3	2000
3	4000
3	3000
3	3000
3	3000
3	4000
3	2000
3	6000
3	2000
3	4000
3	1000
3	2000
3	2000
3	2000
3	4000
3	3000
3	4000
3	4000
3	4000
3	2000
3	5000
3	41000
3	260000
3	133000
3	57000
3	4000
3	3000
3	3000
3	10000
3	2000
3	2000
3	5000
3	1000
3	2000
3	4000
3	2000
3	5000
3	8000
3	3000
3	9000
3	5000
3	2000
3	4000
3	3000
3	3000
3	4000
3	2000
3	9000
3	2000
3	4000
3	3000
3	4000
3	2000
3	3000
3	8000
3	8000
3	9000
3	2000
3	2000
3	2000
3	5000
3	2000
3	4000
3	6000
3	11000
3	2000
3	3000
3	5000
3	2000
3	6000
3	4000
3	2000
3	3000
3	2000
3	4000
3	2000
3	2000
3	4000
3	3000
3	3000
3	2000
3	2000
3	5000
3	7000
3	4000
3	2000
3	7000
3	7000
3	2000
3	2000
3	2000
3	8000
3	4000
3	12000
3	5000
3	2000
3	2000
3	3000
3	11000
3	4000
3	8000
3	2000
3	5000
3	3000
3	2000
3	8000
3	3000
3	3000
3	2000
3	5000
3	3000
3	7000
3	1000
3	3000
3	7000
3	2000
3	8000
3	4000
3	8000
3	3000
3	6000
3	3000
3	3000
3	9000
3	23000
3	6000
3	6000
3	4000
3	9000
3	2000
3	5000
3	4000
3	2000
3	11000
3	1000
3	2000
3	3000
3	2000
3	11000
3	3000
3	2000
3	5000
3	5000
3	2000
3	2000
3	2000
3	3000
3	4000
3	3000
3	2000
3	4000
3	2000
3	2000
3	3000
3	5000
3	6000
3	2000
3	3000
3	9000
3	2000
3	3000
3	1000
3	3000
3	4000
3	4000
3	2000
3	2000
3	2000
3	5000
3	5000
3	3000
3	2000
3	2000
3	9000
3	4000
3	5000
3	3000
3	1000
3	1000
3	3000
3	4000
3	4000
3	2000
3	7000
3	3000
3	4000
3	8000
3	8000
3	2000
3	2000
3	2000
3	4000
3	3000
3	2000
3	2000
3	3000
3	3000
3	3000
3	2000
3	3000
3	3000
3	2000
3	1000
3	3000
3	6000
3	10000
3	2000
3	4000
3	3000
3	2000
3	13000
3	3000
3	7000
3	6000
3	3000
3	11000
3	4000
3	3000
3	1000
3	1000
3	3000
3	2000
3	2000
3	3000
3	2000
3	2000
3	3000
3	3000
3	6000
3	2000
3	8000
3	8000
3	11000
3	4000
3	3000
3	4000
3	6000
3	8000
3	9000
3	2000
3	4000
3	3000
3	2000
3	2000
3	3000
3	5000
3	2000
3	3000
3	4000
3	2000
3	4000
3	3000
3	2000
3	5000
3	2000
3	8000
3	6000
3	4000
3	3000
3	1000
3	2000
3	2000
3	3000
3	5000
3	3000
3	4000
3	2000
3	3000
3	3000
3	3000
3	2000
3	4000
3	7000
3	13000
3	6000
3	3000
3	2000
3	4000
3	7000
3	3000
3	4000
3	3000
3	3000
3	7000
3	8000
3	12000
3	3000
3	5000
3	5000
3	3000
3	5000
3	4000
3	2000
3	4000
3	4000
3	3000
3	7000
3	5000
3	4000
3	1000
3	8000
3	1000
3	2000
3	1000
3	3000
3	1000
3	3000
3	2000
3	2000
3	3000
3	2000
3	2000
3	2000
3	2000
3	4000
3	4000
3	4000
3	8000
3	4000
3	2000
3	5000
3	2000
3	6000
3	2000
3	5000
3	2000
3	7000
3	2000
3	2000
3	2000
3	2000
3	4000
3	3000
3	2000
3	5000
3	8000
3	6000
3	1000
3	8000
3	6000
3	7000
3	3000
3	17000
3	3000
3	3000
3	9000
3	5000
3	4000
3	10000
3	1000
3	4000
3	9000
3	11000
3	2000
3	5000
3	2000
3	17000
3	7000
3	7000
3	3000
3	5000
3	3000
3	2000
3	4000
3	4000
3	4000
3	2000
3	3000
3	3000
3	2000
3	4000
3	3000
3	2000
3	4000
3	4000
3	2000
3	4000
3	2000
3	5000
3	9000
3	8000
3	5000
3	3000
3	7000
3	2000
3	3000
3	2000
3	5000
3	7000
3	3000
3	3000
3	2000
3	2000
3	2000
3	1000
3	3000
3	5000
3	4000
3	4000
3	2000
3	2000
3	3000
3	2000
3	1000
3	2000
3	2000
3	2000
3	2000
3	3000
3	5000
3	4424
3	6000
3	19000
3	3000
3	4000
3	12000
3	3000
3	2000
3	1000
3	3000
3	9000
3	3000
3	3000
3	1000
3	3000
3	2000
3	8000
3	4000
3	1000
3	2000
3	1000
3	4000
3	5000
3	1000
3	2000
3	4000
3	3000
3	3000
3	2000
3	3000
3	2000
3	3000
3	4000
3	2000
3	2000
3	7000
3	2000
3	2000
3	2000
3	7000
3	3000
3	5000
3	2000
3	3000
3	1000
3	3000
3	2000
3	3000
3	3000
3	2000
3	2000
3	1000
3	5000
3	2000
3	2000
3	2000
3	2000
3	2000
3	1000
3	2000
3	2000
3	2000
3	2000
3	2000
3	4000
3	1000
3	10000
3	4000
3	3000
3	2000
3	1000
3	4000
3	2000
3	8000
3	3000
3	2000
3	2000
3	3000
3	2000
3	4000
3	3000
3	2000
3	5000
3	2000
3	3000
3	2000
3	2000
3	5000
3	2000
3	3000
3	3000
3	2000
3	3000
3	6000
3	6000
3	2000
3	4000
3	2000
3	3000
3	1000
3	3000
3	5000
3	2000
3	6000
3	2000
3	2000
3	4000
3	1000
3	1000
3	4000
3	3000
3	2000
3	4000
3	2000
3	5000
3	5000
3	5000
3	5000
3	9000
3	2000
3	2000
3	3000
3	5000
3	3000
3	3000
3	3000
3	3000
3	2000
3	2000
3	2000
3	4000
3	3000
3	6000
3	2000
3	1000
3	3000
3	1000
3	2000
3	2000
3	2000
3	5000
3	3000
3	2000
3	2000
3	2000
3	2000
3	1000
3	2000
3	2000
3	11000
3	9000
3	5000
3	3000
3	5000
3	5000
3	6000
3	3000
3	3000
3	4000
3	4000
3	4000
3	2000
3	2000
3	4000
3	8000
3	3000
3	2000
3	6000
3	4000
3	3000
3	1000
3	2000
3	2000
3	3000
3	4000
3	9000
3	1000
3	3000
3	6000
3	7000
3	4000
3	8000
3	4000
3	4000
3	3000
3	2000
3	4000
3	2000
3	2000
3	3000
3	3000
3	3000
3	3000
3	1000
3	2000
3	3000
3	6000
3	2000
3	2000
3	2000
3	3000
3	6000
3	3000
3	3000
3	2000
3	3000
3	8000
3	2000
3	5000
3	2000
3	5000
3	4000
3	3000
3	11000
3	1000
3	3000
3	2000
3	1000
3	4000
3	7000
3	10000
3	7000
3	17000
3	2000
3	3000
3	15000
3	11000
3	3000
3	2000
3	3000
3	5000
3	41000
3	9000
3	3000
3	6000
3	2000
3	7000
3	1000
3	2000
3	15000
3	7000
3	8000
3	3000
3	17000
3	5000
3	7000
3	2000
3	6000
3	6000
3	8000
3	10000
3	1000
3	23000
3	2000
3	4000
3	10000
3	13000
3	12000
3	17000
3	5000
3	1000
3	7000
3	4000
3	5000
3	4000
3	8000
3	2000
3	3000
3	2000
3	2000
3	1000
3	2000
3	6000
3	7000
3	2000
3	2000
3	3000
3	10000
3	2000
3	2000
3	2000
3	14000
3	3000
3	5000
3	21000
3	4000
3	19000
3	2000
3	11000
3	8000
3	8000
3	7000
3	3000
3	5000
3	9000
3	7000
3	2000
3	3000
3	3000
3	3000
3	7000
3	5000
3	2000
3	3000
3	3000
3	1000
3	8000
3	3000
3	7000
3	12000
3	3000
3	2000
3	14000
3	4000
3	28000
3	11000
3	4000
3	2000
3	5000
3	1000
3	2000
3	2000
3	2000
3	6000
3	4000
3	5000
3	4000
3	8000
3	6000
3	3000
3	2000
3	6000
3	2000
3	5000
3	2000
3	1000
3	6000
5	7000
5	4000
5	2000
5	7000
5	1000
5	2000
5	4000
5	7000
5	11000
5	2000
5	9000
5	2000
5	2000
5	4000
5	6000
5	6000
5	5000
5	2000
5	1000
5	2000
5	3000
5	3000
5	11000
5	5000
5	2000
5	1000
5	4000
5	2000
5	4000
5	1000
5	1000
5	2000
5	4000
5	3000
5	2000
5	6000
5	2000
5	3000
5	1000
5	1000
5	2000
5	7000
5	9000
5	4000
5	2000
5	3000
5	12000
5	9000
5	9000
5	6000
5	4000
5	3000
5	2000
5	13000
5	7000
5	3000
5	5000
5	1000
5	15000
5	2000
5	2000
5	2000
5	4000
5	1000
5	5000
5	5000
5	8000
5	3000
5	1000
5	2000
5	3000
5	4000
5	5000
5	3000
5	3000
5	3000
5	1000
5	4000
5	2000
5	6000
5	9000
5	5000
5	3000
5	2000
5	9000
5	48
5	3000
5	2000
5	4000
5	4000
5	4000
5	4000
5	3000
5	5000
5	6000
5	3000
5	2000
5	8000
5	10000
5	7000
5	6000
5	4000
5	10000
5	3000
5	18000
5	5000
5	7000
5	17000
5	3000
5	3000
5	5000
5	2000
5	2000
5	7000
5	9000
5	15000
5	2000
5	5000
5	29000
5	5000
5	8000
5	10000
5	2000
5	8000
5	3000
5	4000
5	9000
5	2000
5	3000
5	3000
5	6000
5	5000
5	7000
5	8000
5	6000
5	6000
5	3000
5	12000
5	6000
5	6000
5	4000
5	4000
5	2000
5	12000
5	3000
5	3000
5	3000
5	5000
5	3000
5	18000
5	9000
5	10000
5	4000
5	6000
5	3000
5	2000
5	3000
5	2000
5	5000
5	8000
5	9000
5	6000
5	3000
5	1000
5	1000
5	12000
5	4000
5	3000
5	7000
5	9000
5	592
5	3000
5	8000
5	7000
5	13000
5	3000
5	3000
5	2000
5	4000
5	2000
5	3000
5	5000
5	4000
5	3000
5	4000
5	2000
5	6000
5	3000
5	5000
5	2000
5	5000
5	2000
5	5000
5	9000
5	4000
5	6000
5	1000
5	5000
5	4000
5	8000
5	2000
5	4000
5	13000
5	1000
5	2000
5	4000
5	1000
5	2000
5	4000
5	3000
5	4000
5	3000
5	10000
5	12000
5	2000
5	3000
5	3000
5	3000
5	2000
5	7000
5	9000
5	2000
5	6000
5	9000
5	1000
5	2000
5	11000
5	4000
5	4000
5	9000
5	1000
5	1000
5	2000
5	3000
5	6000
5	10000
5	4000
5	3000
5	3000
5	21000
5	3000
5	1000
5	3000
5	3000
5	3000
5	2000
5	4000
5	10000
5	2000
5	2000
5	3000
5	4000
5	5000
5	2000
5	2000
5	4000
5	4000
5	7000
5	3000
5	1000
5	3000
5	3000
5	9000
5	3000
5	8000
5	9000
5	3000
5	6000
5	1000
5	3000
5	5000
5	2000
5	3000
5	2000
5	3000
5	2000
5	12000
5	5000
5	2000
5	2000
5	3000
5	5000
5	3000
5	3000
5	10000
5	2000
5	8000
5	13000
5	3000
5	4000
5	3000
5	5000
5	4000
5	3000
5	4000
5	3000
5	11000
5	2000
5	3000
5	2000
5	6000
5	4000
5	4000
5	12000
5	2000
5	5000
5	12000
5	4000
5	2000
5	1000
5	12000
5	3000
5	3000
5	12000
5	2000
5	8000
5	24000
5	5000
5	3000
5	8000
5	7000
5	2000
5	3000
5	24000
5	5000
5	3000
5	6000
5	3000
5	11000
5	5000
5	5000
5	4000
5	6000
5	3000
5	3000
5	9000
5	6000
5	4000
5	6000
5	3000
5	5000
5	3000
5	3000
5	4000
5	3000
5	2000
5	3000
5	5000
5	3000
5	2000
5	8000
5	6000
5	2000
5	4000
5	7000
5	10000
5	3000
5	5000
5	2000
5	3000
5	8000
5	3000
5	1000
5	3000
5	5000
5	4000
5	17000
5	2000
5	12000
5	2000
5	3000
5	8000
5	4000
5	5000
5	2000
5	3000
5	3000
5	2000
5	2000
5	3000
5	4000
5	9000
5	3000
5	2000
5	2000
5	1000
5	3000
5	2000
5	2000
5	7000
5	2000
5	3000
5	2000
5	2000
5	3000
5	2000
5	7000
5	2000
5	2000
5	4000
5	3000
5	1000
5	2000
5	15000
5	5000
5	4000
5	3000
5	4000
5	8000
5	3000
5	4000
5	13000
5	22000
5	8000
5	11000
5	1000
5	5000
5	5000
5	1000
5	3000
5	6000
5	3000
5	2000
5	4000
5	2000
5	5000
5	6000
5	5000
5	4000
5	3000
5	4000
5	6000
5	5000
5	6000
5	2000
5	4000
5	7000
5	2000
5	3000
5	8000
5	2000
5	13000
5	10000
5	4000
5	6000
5	2000
5	3000
5	4000
5	3000
5	4000
5	7000
5	6000
5	9000
5	4000
5	3000
5	2000
5	6000
5	3000
5	6000
5	5000
5	7000
5	6000
5	3000
5	2000
5	4000
5	3000
5	12000
5	11000
5	2000
5	3000
5	2000
5	2000
5	2000
5	5000
5	1000
5	1000
5	7000
5	9000
5	9000
5	2000
5	7000
5	1000
5	5000
5	7000
5	3000
5	2000
5	5000
5	7000
5	10000
5	2000
5	10000
5	17000
5	6000
5	4000
5	7000
5	4000
5	3000
5	1000
5	7000
5	3000
5	11000
5	4000
5	4000
5	5000
5	6000
5	3000
5	3000
5	4000
5	8000
5	1000
5	5000
5	2000
5	2000
5	5000
5	2000
5	3000
5	3000
5	6000
5	3000
5	1000
5	2000
5	2000
5	2000
5	6000
5	1000
5	2000
5	1000
5	2000
5	2000
5	3000
5	3000
5	3000
5	5000
5	2000
5	1000
5	2000
5	6000
5	2000
5	1000
5	5000
5	4000
5	4000
5	2000
5	6000
5	7000
5	3000
5	2000
5	2000
5	4000
5	3000
5	6000
5	4000
5	2000
5	3000
5	4000
5	1000
5	2000
5	1000
5	3000
5	1000
5	2000
5	2000
5	3000
5	2000
5	1000
5	3000
5	6000
5	4000
5	5000
5	8000
5	7000
5	2000
5	1000
5	7000
5	3000
5	5000
5	5000
5	4000
5	7000
5	4000
5	3000
5	4000
5	11000
5	2000
5	4000
5	3000
5	14000
5	11000
5	4000
5	8000
5	2000
5	2000
5	3000
5	3000
5	2000
5	2000
5	5000
5	13000
5	8000
5	6000
5	3000
5	22000
5	10000
5	2000
5	6000
5	3000
5	2000
5	5000
5	6000
5	5000
5	12000
5	17000
5	9000
5	3000
5	4000
5	3000
5	1000
5	3000
5	4000
5	14000
5	1000
5	4000
5	13000
5	4000
5	12000
5	3000
5	11000
5	4000
5	6000
5	4000
5	5000
5	5000
5	15000
5	8000
5	4000
5	17000
5	2000
5	5000
5	20000
5	6000
5	3000
5	9000
5	2000
5	11000
5	10000
5	7000
5	3000
5	3000
5	8000
5	4000
5	5000
5	4000
5	8000
5	12000
5	3000
5	5000
5	4000
5	4000
5	8000
5	3000
5	10000
5	3000
5	3000
5	6000
5	4000
5	4000
5	2000
5	3000
5	4000
5	3000
5	2000
5	6000
5	5000
5	2000
5	5000
5	3000
5	4000
5	4000
5	3000
5	5000
5	10000
5	3000
5	3000
5	8000
5	3000
5	3000
5	2000
5	2000
5	2000
5	1000
5	6000
5	3000
5	2000
5	4000
5	6000
5	4000
5	3000
5	5000
5	2000
5	3000
5	2000
5	5000
5	3000
5	11000
5	8000
5	3000
5	3000
5	8000
5	3000
5	2000
5	2000
5	2000
5	2000
5	3000
5	4000
5	2000
5	3000
5	4000
5	9000
5	4000
5	3000
5	2000
5	5000
5	4000
5	8000
5	4000
5	2000
5	4000
5	3000
5	3000
5	2000
5	1000
5	3000
5	3000
5	7000
5	14000
5	3000
5	4000
5	4000
5	9000
5	5000
5	4000
5	6000
5	10000
5	3000
5	4000
5	1000
5	5000
5	2000
5	4000
5	11000
5	2000
5	9000
5	5000
5	3000
5	5000
5	4000
5	2000
5	6000
5	3000
5	13000
5	6000
5	9000
5	11000
5	4000
5	15000
5	8000
5	3000
5	2000
5	10000
5	6000
5	11000
5	3000
5	7000
5	2000
5	3000
5	1000
5	8000
5	4000
5	6000
5	6000
5	11000
5	2000
5	3000
5	4000
5	3000
5	2000
5	2000
5	1000
5	11000
5	4000
5	3000
5	5000
5	6000
5	3000
5	2000
5	2000
5	12000
5	2000
5	5000
5	7000
5	3000
5	3000
5	4000
5	3000
5	4000
5	3000
5	5000
5	7000
5	6000
5	2000
5	12000
5	5000
5	9000
5	4000
5	3000
5	3000
5	2000
5	2000
5	6000
5	4000
5	8000
5	5000
5	9000
5	4000
5	8000
5	2000
5	7000
5	5000
5	12000
5	2000
5	10000
5	8000
5	4000
5	2000
5	4000
5	4000
5	3000
5	3000
5	2000
5	2000
5	5000
5	2000
5	6000
5	4000
5	5000
5	4000
5	7000
5	2000
5	6000
5	11000
5	3000
5	4000
5	12000
5	8000
5	3000
5	19000
5	2000
5	2000
5	4000
5	1000
5	7000
5	10000
5	4000
5	8000
5	8000
5	6000
5	7000
5	7000
5	3000
5	9000
5	9000
5	4000
5	2000
5	12000
5	22000
5	6000
5	2000
5	3000
5	4000
5	2000
5	3000
5	4000
5	7000
5	9000
5	3000
5	5000
5	3000
5	4000
5	1000
5	2000
5	2000
5	2064
5	1000
5	2000
5	6000
5	8000
5	5000
5	3000
5	3000
5	4000
5	7000
5	3000
5	4000
5	2000
5	1000
5	10000
5	4000
5	5000
5	3000
5	4000
5	2000
5	3000
5	5000
5	4000
5	4000
5	4000
5	2000
5	3000
5	3000
5	2000
5	2000
5	3000
5	5000
5	1000
5	5000
5	4000
5	2000
5	18000
5	3000
5	7000
5	3000
5	3000
5	4000
5	1000
5	3000
5	2000
5	5000
5	3000
5	1000
5	2000
5	5000
5	25000
5	7000
5	3000
5	6000
5	17000
5	5000
5	6000
5	10000
5	12000
5	2000
5	4000
5	2000
5	13000
5	3000
5	5000
5	3000
5	2000
5	4000
5	11000
5	4000
5	1000
5	3000
5	3000
5	2000
5	1000
5	2000
5	1000
5	3000
5	2000
5	6000
5	1000
5	3000
5	7000
5	4000
5	4000
5	3000
5	2000
5	10000
5	3000
5	6000
5	2000
5	4000
5	10000
5	12000
5	4000
5	3000
5	7000
5	4000
5	5000
5	6000
5	5000
5	10000
5	3000
5	3000
5	4000
5	2000
5	3000
5	11000
5	5000
5	3000
5	4000
5	3000
5	4000
5	3000
5	6000
5	3000
5	5000
5	2000
5	5000
5	7000
5	3000
5	6000
5	20000
5	3000
5	2000
5	12000
5	2000
5	5000
5	2000
5	5000
5	21000
5	4000
5	5000
5	9000
5	2000
5	10000
5	5000
5	1000
5	2000
5	3000
5	6000
5	6000
5	5000
5	4000
5	4000
5	3000
5	9000
5	2000
5	6000
5	4000
5	17000
5	7000
5	2000
5	8000
5	10000
5	3000
5	13000
5	2000
5	3000
5	9000
5	7000
5	7000
5	2000
5	4000
5	2000
5	2000
5	2000
5	2000
5	6000
5	10000
5	4000
5	1000
5	5000
5	1000
5	1000
5	3000
5	4000
5	4000
5	2000
5	3000
5	4000
5	5000
5	3000
5	19000
5	8000
5	2000
5	8000
5	4000
5	7000
5	2000
5	3000
5	4000
5	5000
5	3000
5	28000
5	3000
5	6000
5	1000
5	4000
5	14000
5	10000
5	6000
5	18000
5	11000
5	3000
5	3000
5	12000
5	6000
5	3000
5	4000
5	5000
5	2000
5	8000
5	2000
5	4000
5	7000
5	3000
5	9000
5	3000
5	3000
5	3000
5	1000
5	7000
5	2000
5	5000
5	5000
5	9000
5	4000
5	3000
5	7000
5	3000
5	6000
5	4000
5	6000
5	5000
5	18000
5	11000
5	5000
5	1000
5	6000
5	6000
5	3000
5	2000
5	5000
5	7000
5	3000
5	2000
5	8000
5	4000
5	3000
5	4000
5	5000
5	5000
5	1000
5	5000
5	2000
5	3000
5	2000
5	6000
5	3000
5	1000
5	2000
5	2000
5	3000
5	3000
5	6000
5	2000
5	6000
5	13000
5	3000
5	3000
5	3000
5	3000
5	4000
5	3000
5	4000
5	2000
5	5000
5	2000
5	4000
5	9000
5	6000
5	5000
5	3000
5	3000
5	6000
5	3000
5	4000
5	4000
5	6000
5	8000
5	5000
5	4000
5	3000
5	4000
5	7000
5	2000
5	4000
5	2000
5	3000
5	6000
5	3000
5	20000
5	8000
5	6000
5	3000
5	10000
5	4000
5	1000
5	5000
5	3000
5	2000
5	5000
5	3000
5	2000
5	2000
5	4000
5	2000
5	11000
5	4000
5	3000
5	7000
5	2000
5	2000
5	2000
5	7000
5	2000
5	3000
5	3000
5	2000
5	2000
5	2000
5	4000
5	2000
5	2000
5	4000
5	4000
5	3000
5	4000
5	4000
5	3000
5	12000
5	2000
5	2000
5	2000
5	4000
5	1000
5	5000
5	5000
5	6000
5	6000
5	4000
5	3000
5	3000
5	6000
5	5000
5	2000
5	2000
5	2000
5	3000
5	9000
5	5000
5	12000
5	5000
5	2000
5	3000
5	14000
5	6000
5	7000
5	2000
5	2000
5	2000
5	6000
5	8000
5	2000
5	2000
5	5000
5	4000
5	5000
5	3000
5	991
5	5000
5	2000
5	3000
5	4000
5	3000
5	1000
5	3000
5	3000
5	2000
5	2000
5	4000
5	6000
5	3000
5	3000
5	6000
5	7000
5	4000
5	3000
5	2000
5	13000
5	4000
5	3000
5	2000
5	5000
5	3000
5	4000
5	22000
5	2000
5	4000
5	9000
5	7000
5	2000
5	5000
5	1000
5	7000
5	1000
5	11000
5	4000
5	3000
5	20000
5	8000
5	3000
5	4000
5	2000
5	7000
5	3000
5	18000
5	4000
5	3000
5	4000
5	2000
5	3000
5	13000
5	7000
5	2000
5	9000
5	6000
5	8000
5	4000
5	10000
5	4000
5	3000
5	5000
5	4000
5	5000
5	9000
5	3000
5	3000
5	1000
5	2000
5	1000
5	3000
5	11000
5	5000
5	4000
5	4000
5	2000
5	6000
5	5000
5	3000
5	2000
5	3000
5	5000
5	3000
5	13000
5	3000
5	3000
5	7000
5	2000
5	3000
5	2000
5	3000
5	6000
5	3000
5	3000
5	3000
5	3000
5	1000
5	3000
5	2000
5	4000
5	1000
5	3000
5	4000
5	2000
5	3000
5	6000
5	1000
5	2000
5	4000
5	5000
5	2000
5	6000
5	1000
5	10000
5	3000
5	2000
5	7000
5	4000
5	3000
5	2000
5	3000
5	4000
5	5000
5	4000
5	6000
5	6000
5	6000
5	3000
5	7000
5	4000
5	3000
5	9000
5	2000
5	2000
5	13000
5	3000
5	2000
5	3000
5	4000
5	4000
5	17000
5	2000
5	7000
5	7000
5	10000
5	2000
5	4000
5	2000
5	3000
5	11000
5	2000
5	4000
5	5000
5	11000
5	3000
5	2000
5	5000
5	4000
5	2000
5	2000
5	2000
5	7000
5	4000
5	8000
5	2000
5	4000
5	5000
5	9000
5	3000
5	7000
5	3000
5	10000
5	3000
5	8000
5	1000
5	5000
5	2000
5	1000
5	4000
5	3000
5	4000
5	2000
5	4000
5	5000
5	1000
5	4000
5	2000
5	3000
5	8000
5	4000
5	12000
5	1000
5	1000
5	4000
5	2000
5	1000
5	11000
5	1000
5	2000
5	2000
5	3000
5	2000
5	4000
5	2000
5	7000
5	5000
5	17000
5	6000
5	21000
5	3000
5	4000
5	2000
5	9000
5	2000
5	2000
5	4000
5	2000
5	2000
5	9000
5	2000
5	2000
5	4000
5	4000
5	15000
5	2000
5	3000
5	3000
5	5000
5	5000
5	1000
5	3000
5	3000
5	3000
5	5000
5	5000
5	7000
5	2000
5	10000
5	5000
5	3000
5	2000
5	5000
5	4000
5	21000
5	15000
5	6000
5	4000
5	4000
5	5000
5	1000
5	2000
5	4000
5	3000
5	6000
5	16000
5	7000
5	4000
5	4000
5	6000
5	7000
5	3000
5	9000
5	16000
5	7000
5	3000
5	2000
5	3000
5	5000
5	21000
5	6000
5	10000
5	8000
5	13000
5	1000
5	22000
5	11000
5	3000
5	7000
5	5000
5	5000
5	3000
5	3000
5	1000
5	15000
5	9000
5	5000
5	4000
5	1000
5	8000
5	4000
5	8000
5	2000
5	3000
5	1000
5	17000
5	4000
5	2000
5	17000
5	5000
5	3000
5	7000
5	5000
5	8000
5	6000
5	2000
5	3000
5	8000
5	7000
5	9000
5	10000
5	6000
5	6000
5	4000
5	4000
5	2000
5	2000
5	2000
5	3000
5	2000
5	8000
5	2000
5	2000
5	2000
5	6000
5	5000
5	2000
5	2000
5	4000
5	4000
5	3000
5	2000
5	7000
5	11000
5	1000
5	3000
5	8000
5	3000
5	8000
5	3000
5	3000
5	2000
5	4000
5	3000
5	1000
5	2000
5	4000
5	2000
5	6000
5	6000
5	3000
5	6000
5	2000
5	2000
5	7000
5	3000
5	13000
5	2000
5	3000
5	3000
5	3000
5	4000
5	6000
5	2000
5	9000
5	8000
5	3000
5	2000
5	7000
5	2000
5	3000
5	5000
5	3000
5	2000
5	3000
5	3000
5	5000
5	2000
5	2000
5	2000
5	2000
5	2000
5	3000
5	2000
5	2000
5	2000
5	5000
5	2000
5	5000
5	2000
5	2000
5	5000
5	2000
5	7000
5	2000
5	1000
5	19000
5	4000
5	6000
5	11000
5	4000
5	4000
5	2000
5	4000
5	3000
5	7000
5	3000
5	4000
5	3000
5	2000
5	5000
5	9000
5	4000
5	6000
5	3000
5	1000
5	11000
5	6000
5	4000
5	3000
5	4000
5	4000
5	12000
5	8000
5	5000
5	8000
5	2000
5	3000
5	2000
5	426
5	1000
5	9000
5	5000
5	6000
5	5000
5	3000
5	4000
5	10000
5	5000
5	1000
5	5000
5	1000
5	2000
5	4000
5	3000
5	4000
5	7000
5	12000
5	3000
5	11000
5	3000
5	5000
5	3000
5	10000
5	7000
5	10000
5	10000
5	2000
5	3000
5	8000
5	7000
5	4000
5	6000
5	3000
5	13000
5	1000
5	3000
5	5000
5	3000
5	16000
5	3000
5	4000
5	10000
5	11000
5	2000
5	3000
5	1000
5	1000
5	3000
5	2000
5	3000
5	2000
5	2000
5	17000
5	3000
5	4000
5	6000
5	3000
5	2000
5	6000
5	4000
5	3000
5	16000
5	5000
5	3000
5	5000
5	2000
5	2000
5	4000
5	2000
5	4000
5	3000
5	2000
5	5000
5	7000
5	9000
5	6000
5	2000
5	4000
5	3000
5	3000
5	1000
5	13000
5	18000
5	3000
5	7000
5	8000
5	4000
5	8000
5	9000
5	4000
5	21000
5	4000
5	3000
5	4000
5	3000
5	9000
5	3000
5	9000
5	5000
5	6000
5	1000
5	2000
5	2000
5	22000
5	2000
5	3000
5	7000
5	4000
5	3000
5	3000
5	9000
5	3000
5	2000
5	1000
5	3000
5	1000
5	3000
5	2000
5	1000
5	2000
5	3000
5	2000
5	2000
5	1000
5	1000
5	3000
5	6000
5	2000
5	2000
5	5000
5	1000
5	3000
5	3000
5	2000
5	12000
5	7000
5	3000
5	6000
5	1000
5	3000
5	3000
5	4000
5	18000
5	3000
5	4000
5	1000
5	11000
5	1000
5	3000
5	2000
5	4000
5	8000
5	5000
5	16000
5	3000
5	3000
5	8000
5	4000
5	3000
5	7000
5	5000
5	1000
5	9000
5	2000
5	4000
5	2000
5	3000
5	2000
5	1000
5	4000
5	1000
5	2000
5	9000
5	2000
5	2000
5	5000
5	3000
5	3000
5	6000
5	5000
5	2000
5	16000
5	3000
5	4000
5	3000
5	3000
5	8000
5	2000
5	2000
5	1000
5	7000
5	7000
5	3000
5	2000
5	2000
5	4000
5	8000
5	2000
5	4000
5	3000
5	4000
5	6000
5	1000
5	26000
5	4000
5	4000
5	2000
11	4000
11	2000
11	2000
11	4000
11	3000
11	12000
11	3000
11	3000
11	3000
11	3000
11	3000
11	2000
11	8000
11	2000
11	5000
11	3000
11	2000
11	2000
11	2000
11	2000
11	3000
11	2000
11	2000
11	2000
11	2000
11	3000
11	3000
11	4000
11	2000
11	2000
11	2000
11	3000
11	1000
11	2000
11	3000
11	5000
11	3000
11	3000
11	2000
11	8000
11	2000
11	7000
11	3000
11	3000
11	5000
11	2000
11	2000
11	3000
11	2000
11	6000
11	2000
11	3000
11	2000
11	3000
11	5000
11	2000
11	5000
11	2000
11	2000
11	1000
11	3000
11	4000
11	4000
11	14000
11	2000
11	4000
11	5000
11	3000
11	18000
11	3000
11	7000
11	6000
11	10000
11	2000
11	4000
11	6000
11	11000
11	5000
11	16000
11	2000
11	2000
11	6000
11	2000
11	12000
11	3000
11	2000
11	3000
11	3000
11	3000
11	3000
11	2000
11	5000
11	1000
11	4000
11	3000
11	1000
11	5000
11	2000
11	2000
11	4000
11	3000
11	6000
11	3000
11	4000
11	4000
11	3000
11	3000
11	3000
11	3000
11	5000
11	3000
11	7000
11	1000
11	12000
11	3000
11	3000
11	1000
11	7000
11	2000
11	6000
11	5000
11	5000
11	2000
11	1000
11	6000
11	2000
11	7000
11	6000
11	1000
11	3000
11	3000
11	5000
11	2000
11	2000
11	4000
11	3000
11	11000
11	4000
11	1000
11	10000
11	11000
11	3000
11	2000
11	4000
11	5000
11	2000
11	4000
11	2000
11	6000
11	1000
11	2000
11	2000
11	2000
11	3000
11	3000
11	2000
11	5000
11	3000
11	3000
11	1000
11	2000
11	2000
11	2000
11	4000
11	3000
11	4000
11	2000
11	2000
11	5000
11	6000
11	4000
11	2000
11	4000
11	3000
11	1000
11	11000
11	3000
11	6000
11	5000
11	3000
11	10000
11	4000
11	2000
11	2000
11	8000
11	2000
11	3000
11	3000
11	5000
11	2000
11	2000
11	3000
11	2000
11	3000
11	2000
11	2000
11	6000
11	4000
11	2000
11	2000
11	5000
11	3000
11	3000
11	4000
11	1000
11	5000
11	14000
11	3000
11	8000
11	2000
11	4000
11	2000
11	5000
11	3000
11	4000
11	2000
11	2000
11	2000
11	5000
11	2000
11	5000
11	8000
11	2000
11	3000
11	2000
11	2000
11	2000
11	4000
11	5000
11	2000
11	3000
11	1000
11	1000
11	2000
11	2000
11	5000
11	4000
11	2000
11	7000
11	13000
11	4000
11	5000
11	8000
11	3000
11	14000
11	5000
11	9000
11	1000
11	2000
11	3000
11	6000
11	2000
11	3000
11	1000
11	3000
11	2000
11	1000
11	4000
11	2000
11	7000
11	5000
11	4000
11	6000
11	2000
11	2000
11	1999
11	2000
11	5000
11	2000
11	3000
11	3000
11	4000
11	7000
11	2000
11	4000
11	1000
11	6000
11	2000
11	9000
11	2000
11	4000
11	3000
11	2000
11	4000
11	2000
11	4000
11	2000
11	4000
11	5000
11	2000
11	2000
11	3000
11	4000
11	2000
11	2000
11	3000
11	4000
11	7000
11	5000
11	6000
11	2000
11	4000
11	3000
11	2000
11	2000
11	6000
11	6000
11	2000
11	2000
11	2000
11	4000
11	2000
11	2000
11	2000
11	3000
11	3000
11	2000
11	2000
11	3000
11	3000
11	2000
11	2000
11	3000
11	3000
11	3000
11	6000
11	5000
11	3000
11	4000
11	2000
11	3000
11	2000
11	5000
11	1000
11	1000
11	2000
11	4000
11	3000
11	6000
11	2000
11	2000
11	4000
11	4000
11	6000
11	3000
11	3000
11	2000
11	5000
11	2000
11	2000
11	2000
11	2000
11	3000
11	2000
11	2000
11	2000
11	3000
11	2000
11	2000
11	1000
11	2000
11	2000
11	3000
11	1000
11	2000
11	4000
11	3000
11	6000
11	5000
11	4000
11	2000
11	3000
11	2000
11	2000
11	3000
11	4000
11	2000
11	3000
11	3000
11	1000
11	2000
11	3000
11	3000
11	5000
11	3000
11	3000
11	1000
11	3000
11	2000
11	3000
11	2000
11	2000
11	1000
11	2000
11	2000
11	4000
11	3000
11	4000
11	1000
11	2000
11	1000
11	2000
11	2000
11	2000
11	1000
11	5000
11	3000
11	2000
11	3000
11	3000
11	1000
11	2000
11	9000
11	4000
11	2000
11	7000
11	2000
11	3000
11	2000
11	5000
11	2000
11	2000
11	3000
11	1000
11	2000
11	1000
11	1000
11	2000
11	1000
11	5000
11	3000
11	1000
11	7000
11	3000
11	7000
11	6000
11	4000
11	6000
11	3000
11	7000
11	3000
11	2000
11	2000
11	3000
11	2000
11	2000
11	1000
11	5000
11	2000
11	13000
11	8000
11	2000
11	2000
11	4000
11	2000
11	3000
11	8000
11	3000
11	2000
11	8000
11	3000
11	8000
11	5000
11	10000
11	8000
11	2000
11	11000
11	5000
11	3000
11	1000
11	11000
11	8000
11	3000
11	986
11	1000
11	2000
11	11000
11	3000
11	3000
11	3000
11	2000
11	7000
11	2000
11	3000
11	2000
11	3000
11	1000
11	2000
11	2000
11	3000
11	2000
11	10000
11	6000
11	2000
11	6000
11	3000
11	2000
11	2000
11	3000
11	2000
11	2000
11	3000
11	4000
11	2000
11	1000
11	6000
11	1000
11	2000
11	2000
11	2000
11	6000
11	5000
11	4000
11	1000
11	10000
11	6000
11	3000
11	5000
11	6000
11	5000
11	5000
11	2000
11	3000
11	1000
11	3000
11	4000
11	3000
11	2000
11	2000
11	1000
11	3000
11	17000
11	11000
11	2000
11	3000
11	5000
11	2000
11	2000
11	1000
11	4000
11	1000
11	1000
11	5000
11	5000
11	3000
11	2000
11	2000
11	2000
11	2000
11	2000
11	2000
11	1000
11	2000
11	3000
11	3000
11	2000
11	5000
11	3000
11	1000
11	4000
11	3000
11	7000
11	3000
11	1000
11	2000
11	4000
11	3000
11	3000
11	3000
11	11000
11	2000
11	5000
11	2000
11	3000
11	3000
11	2000
11	3000
11	1000
11	1000
11	2000
11	3000
11	2000
11	6000
11	2000
11	7000
11	3000
11	4000
11	4000
11	3000
11	2000
11	2000
11	2000
11	3000
11	3000
11	5000
11	9000
11	2000
11	2000
11	5000
11	2000
11	2000
11	2000
11	2000
11	2000
11	2000
11	2000
11	3000
11	5000
11	5000
11	4000
11	2000
11	6000
11	1000
11	46000
11	4000
11	12000
11	3000
11	3000
11	2000
11	2000
11	2000
11	4000
11	2000
11	2000
11	2000
11	10000
11	5000
11	2000
11	2000
11	1000
11	2000
11	2000
11	2000
11	2000
11	2000
11	3000
11	3000
11	1000
11	3000
11	2000
11	7000
11	2000
11	7000
11	6000
11	7000
11	8000
11	5000
11	27000
11	8000
11	2000
11	3000
11	4000
11	4000
11	3000
11	4000
11	20000
11	4000
11	4000
11	5000
11	2000
11	3000
11	2000
11	1000
11	2000
11	7000
11	3000
11	7000
11	7000
11	6000
11	3000
11	2000
11	32000
11	4000
11	2000
11	5000
11	5000
11	4000
11	2000
11	2000
11	3000
11	2000
11	2000
11	5000
11	4000
11	2000
11	1000
11	8000
11	7000
11	2000
11	2000
11	3000
11	4000
11	7000
11	38000
11	29000
11	22000
11	3000
11	2000
11	4000
11	4000
11	8000
11	10000
11	4000
11	2000
11	3000
11	3000
11	1000
11	2000
11	3000
11	4000
11	5000
11	2000
11	2000
11	2000
11	5000
11	2000
11	4000
11	2000
11	5000
11	2000
11	3000
11	7000
11	2000
11	3000
11	2000
11	3000
11	2000
11	2000
11	4000
11	5000
11	5000
11	3000
11	3000
11	2000
11	3000
11	1000
11	3000
11	1000
11	3000
11	3000
11	5000
11	6000
11	2000
11	2000
11	1000
11	2000
11	2000
11	3000
11	2000
11	3000
11	2000
11	2000
11	4000
11	8000
11	4000
11	5000
11	9000
11	2000
11	2000
11	2000
11	2000
11	1000
11	3000
11	6000
11	4000
11	1000
11	3000
11	3000
11	10000
11	7000
11	6000
11	4000
11	4000
11	14000
11	8000
11	5000
11	4000
11	5000
11	6000
11	2000
11	2000
11	7000
11	2000
11	5000
11	2000
11	5000
11	2000
11	3000
11	4000
11	3000
11	2000
11	4000
11	5000
11	13000
11	2000
11	10000
11	4000
11	3000
11	13000
11	7000
11	39000
11	4000
11	18000
11	2000
11	22000
11	2000
11	4000
11	4000
11	5000
11	4000
11	2000
11	16000
11	7000
11	2000
11	6000
11	2000
11	2000
11	7000
11	2000
11	14000
11	6000
11	2000
11	2000
11	3000
11	2000
11	7000
11	5000
11	3000
11	3000
11	3000
11	2000
11	3000
11	3000
11	7000
11	2000
11	2000
11	1000
11	4000
11	1000
11	2000
11	2000
11	3000
11	4000
11	2000
11	2000
11	1000
11	3000
11	6000
11	2000
11	5000
11	1197
11	4000
11	3000
11	5000
11	3000
11	2000
11	2000
11	6000
11	4000
11	3000
11	4000
11	5000
11	2000
11	3000
11	1000
11	3000
11	6000
11	2000
11	4000
11	2000
11	2000
11	2000
11	2000
11	1000
11	3000
11	3000
11	3000
11	1000
11	2000
11	2000
11	4000
11	8000
11	2000
11	2000
11	3000
11	10000
11	6000
11	3000
11	1000
11	1000
11	3000
11	4000
11	3000
11	2000
11	2000
11	1000
11	8000
11	7000
11	5000
11	6000
11	2000
11	3000
11	2000
11	3000
11	4000
11	2000
11	2000
11	3000
11	3000
11	5000
11	4000
11	2000
0	4000
0	3000
0	2000
0	2000
0	2000
0	4000
0	3000
0	2000
0	2000
0	2000
0	3000
0	2000
0	2000
0	2000
0	2000
0	2000
0	2000
0	2000
0	2000
0	3000
0	2000
0	2000
0	2000
0	2000
0	2000
0	2000
0	2000
0	3000
0	3000
0	2000
0	2000
0	2000
0	3000
0	2000
0	2000
0	2000
0	2000
0	3000
0	2000
0	2000
0	2000
0	2000
0	2000
0	2000
0	2000
0	2000
0	2000
0	2000
0	2000
0	2000
0	2000
0	4000
0	2000
0	2000
0	4000
0	2000
0	2000
0	2000
0	2000
0	2000
0	2000
0	5000
0	2000
0	2000
0	3000
0	2000
0	2000
0	2000
0	2000
0	3000
0	2000
0	3000
0	2000
0	2000
0	2000
0	3000
0	2000
0	2000
0	2000
0	2000
0	2000
0	2000
0	2000
0	3000
0	2000
0	2000
0	2000
0	2000
0	2000
0	2000
0	2000
0	6000
0	2000
0	2000
0	2000
0	2000
0	3000
0	3000
0	2000
0	2000
0	2000
0	5000
0	2000
0	2000
0	2000
0	2000
0	2000
0	2000
0	2000
0	2000
0	2000
0	3000
0	2000
0	2000
0	2000
0	2000
0	3000
0	4000
0	4000
0	2000
0	5000
0	2000
0	2000
0	3000
0	4000
0	2000
0	2000
0	2000
0	2000
0	2000
0	2000
0	2000
0	2000
0	2000
0	2000
0	2000
0	2000
0	3000
1	3000
1	2000
1	7000
1	6000
1	6000
1	99000
1	2000
1	5000
1	6000
1	3000
1	4000
1	4000
1	3000
1	5000
1	5000
1	5000
1	6000
1	5000
1	6000
1	6000
1	6000
1	3000
1	6000
1	2000
1	2000
1	4000
1	1000
1	4000
1	2000
1	3000
1	3000
1	49000
1	2000
1	6000
1	3000
1	1000
1	6000
1	3000
1	2000
1	2000
1	1000
1	4000
1	6000
1	3000
1	3000
1	3000
1	2000
1	4000
1	5000
1	3000
1	3000
1	5000
1	3000
1	2000
1	2000
1	4000
1	4000
1	2000
1	2000
1	5000
1	5000
1	2000
1	4000
1	3000
1	2000
1	4000
1	3000
1	6000
1	5000
1	6000
1	3000
1	5000
1	2000
1	2000
1	5000
1	2000
1	4000
1	3000
1	5000
1	7000
1	2000
1	3000
1	3000
1	6000
1	121000
1	2000
1	4000
1	6000
1	3000
1	5000
1	5000
1	5000
1	5000
1	42000
1	8000
1	2000
1	19000
1	6000
1	2000
1	77000
1	4000
1	4000
1	5000
1	6000
1	3000
1	4000
1	3000
1	2000
1	6000
1	2000
1	8000
1	12000
1	3000
1	2000
1	6000
1	7000
1	5000
1	2000
1	2000
1	3000
1	2000
1	3000
1	5000
1	5000
1	2000
1	3000
1	4000
1	6000
1	2000
1	4000
1	3000
1	9000
1	12000
1	15000
1	2000
1	2000
1	4000
1	4000
1	4000
1	4000
1	3000
1	2000
1	3000
1	4000
1	6000
1	6000
1	3000
1	6000
1	4000
1	2000
1	4000
1	2000
1	3000
1	6000
1	2000
1	6000
1	7000
1	2000
1	4000
1	6000
1	3000
1	5000
1	2000
1	3000
1	35000
1	43000
1	4000
1	2000
1	1000
1	151000
1	10000
1	10000
