label	length
6	2000
6	2000
6	2000
6	3000
6	2000
6	2000
6	3000
6	2000
6	2000
6	3000
6	2000
6	3000
6	2000
6	2000
6	2000
6	2000
6	2000
6	2000
6	2000
6	2000
6	2000
6	2000
6	3000
6	4000
6	2000
6	2000
6	2000
6	2000
6	2000
6	3000
6	2000
6	2000
6	2000
6	2000
6	2000
6	2000
6	2000
6	3000
6	2000
6	2000
6	2000
6	2000
6	2000
6	2000
6	3000
6	2000
6	2000
6	2000
6	2000
6	3000
6	2000
6	2000
6	3000
6	3000
6	4000
6	2000
6	2000
6	2000
6	2000
6	4000
6	2000
6	2000
6	2000
6	7000
6	2000
6	7000
6	2000
6	2000
6	3000
6	2000
6	4000
6	2000
6	2000
6	2000
6	2000
6	2000
6	2000
6	2000
6	2000
6	3000
6	2000
6	2000
6	2000
6	3000
6	3000
6	2000
6	2000
6	2000
6	2000
6	2000
6	2000
6	2000
6	2000
6	4000
6	3000
6	4000
6	3000
6	5000
6	2000
6	2000
6	2000
6	2000
6	3000
6	2000
6	2000
6	4000
6	2000
6	6000
6	2000
6	2000
6	3000
6	2000
6	2000
6	2000
6	3000
6	5000
6	2000
6	2000
6	3000
6	2000
6	2000
6	2000
6	2000
6	2000
6	4000
6	2000
8	2000
8	3000
8	2000
8	3000
8	3000
8	2000
8	7000
8	2000
8	4000
8	8000
8	2000
8	2000
8	2000
8	2000
8	2000
8	2000
8	2000
8	2000
8	2000
8	2000
8	5000
8	2000
8	2000
8	4000
8	3000
8	2000
8	2000
8	2000
8	2000
8	2000
8	3000
8	2000
8	4000
8	2000
8	3000
8	2000
8	2000
8	4000
8	2000
8	2000
8	2000
8	2000
8	4000
8	3000
8	2000
8	2000
8	2000
8	2000
8	2000
8	2000
8	2000
8	2000
8	2000
8	4000
8	2000
8	2000
8	7000
8	2000
8	2000
8	2000
8	2000
8	2000
8	3000
8	2000
8	2000
8	2000
8	3000
8	3000
8	3000
8	2000
8	2000
8	2000
8	2000
8	2000
8	5000
8	2000
8	6000
8	2000
8	2000
8	2000
8	2000
8	2000
8	2000
8	2000
8	2000
8	2000
8	5000
8	2000
8	2000
8	5000
8	3000
8	2000
8	2000
8	2000
8	2000
8	4000
8	3000
8	6000
8	2000
8	3000
8	8000
8	2000
8	2000
8	3000
8	2000
8	2000
8	2000
8	2000
8	3000
8	2000
8	3000
8	8000
8	2000
8	4000
8	2000
8	3000
8	2000
8	2000
8	2000
8	2000
8	2000
8	4000
8	2000
8	6000
8	2000
8	2000
8	2000
8	2000
8	2000
8	3000
8	3000
8	2000
8	2000
8	2000
8	3000
8	2000
8	2000
8	2000
8	2000
8	2000
8	2000
8	2000
8	2000
8	2000
8	2000
8	2000
8	3000
8	2000
8	2000
8	2000
8	2000
8	2000
8	2000
8	2000
8	3000
8	2000
8	3000
8	3000
8	3000
8	2000
8	2000
8	9000
8	2000
8	3000
8	2000
8	2000
8	2000
8	3000
8	3000
8	2000
8	2000
8	2000
8	2000
8	3000
8	2000
8	3000
8	3000
8	2000
8	2000
8	3000
8	2000
8	3000
8	2000
8	4000
8	2000
8	3000
8	2000
8	2000
8	2000
8	2000
8	2000
8	3000
8	2000
8	2000
8	3000
8	2000
8	3000
8	3000
8	2000
8	4000
8	2000
8	2000
8	4000
8	4000
8	2000
8	5000
8	3000
8	2000
8	2000
8	2000
8	2000
8	3000
8	3000
8	2000
8	2000
8	3000
8	2002
8	3000
8	2000
8	2000
8	2000
8	2000
8	2000
8	3000
8	4000
8	2000
8	3000
8	2000
8	5000
8	2000
8	2000
8	10000
8	2000
8	5000
8	3000
8	3000
8	2000
8	2000
8	4000
8	2000
8	3000
8	2000
8	3000
8	2000
8	2000
8	3000
8	4000
8	4000
8	2000
8	2000
8	5000
8	3000
8	4000
8	2000
8	2000
8	2000
8	2000
8	2000
8	2000
8	2000
8	2000
8	3000
8	2000
8	6000
8	5000
8	1000
8	2000
8	2000
8	2000
8	2000
8	2000
8	2000
8	2000
8	2000
8	2000
8	2000
8	2000
8	3000
8	2000
8	2000
8	2000
8	3000
8	2000
8	2000
8	3000
8	3000
8	2000
8	2000
8	2000
8	2000
8	3000
8	3000
8	2000
8	2000
8	2000
8	2000
8	2000
8	2000
8	6000
8	2000
8	2000
8	2000
8	2000
8	2000
8	8000
8	2000
8	9000
8	2000
8	2000
8	2000
8	2000
8	3000
8	2000
8	2000
8	2000
8	2000
8	2000
8	2000
8	2000
8	2000
8	5000
8	2000
8	2000
8	2000
8	5000
8	2000
8	2000
8	2000
8	3000
8	5000
8	2000
8	2000
8	2000
8	4000
8	5000
8	5000
8	2000
8	3000
8	2000
8	4000
8	4000
8	5000
8	2000
8	1000
8	3000
8	2000
8	2000
8	3000
8	5000
8	2000
8	4000
8	4000
8	2000
8	5000
8	2000
8	2000
8	4000
8	7000
8	2000
8	3000
8	2000
8	4000
8	2000
8	2000
8	2000
8	3000
8	2000
8	2000
8	5000
8	4000
8	3000
8	2000
8	2000
8	2000
8	5000
8	2000
8	3000
8	2000
8	3000
8	2000
8	2000
8	2000
8	2000
8	4000
8	2000
8	2000
8	2000
8	4000
8	4000
8	2000
8	2000
8	2000
8	2000
8	2000
8	2000
8	2000
8	2000
8	2000
8	7000
8	4000
8	3000
8	2000
8	3000
8	2000
8	3000
8	2000
8	5000
8	3000
8	4000
8	2000
8	1000
8	3000
8	6000
8	2000
8	2000
8	2000
8	2000
8	5000
8	2000
8	3000
8	2000
8	5000
8	2000
8	2000
8	2000
8	2000
8	4000
8	2000
8	2000
8	3000
8	3000
8	2000
8	3000
8	2000
8	2000
8	2000
8	2000
8	3000
8	2000
8	4000
8	4000
8	2000
8	3000
8	2000
8	2000
8	2000
8	2000
8	2000
8	2000
8	2000
8	6000
8	3000
8	3000
8	3000
8	2000
8	2000
8	2000
8	2000
8	2000
8	2000
8	1000
8	2000
8	2000
8	2000
8	2000
8	2000
8	2000
8	4000
8	4000
8	3000
8	4000
8	4000
8	3000
8	2000
8	5000
8	3000
8	2000
8	4000
8	1000
8	2000
8	6000
8	3000
8	2000
8	2000
8	2000
8	2000
8	4000
8	2000
8	4000
8	5000
8	2000
8	2000
8	3000
8	2000
8	2000
8	2000
8	2000
8	3000
8	2000
8	2000
8	2000
8	2000
8	2000
8	2000
8	1590
10	2000
10	19000
10	27000
10	10000
10	21000
10	5000
10	2000
10	27000
10	4000
10	2000
10	3000
10	4000
10	2000
10	3000
10	2000
10	3000
10	6000
10	10000
10	5000
10	2000
10	3000
10	10000
10	9000
10	2000
10	7000
10	8000
10	11000
10	5000
10	7000
10	7000
10	4000
10	9000
10	2000
10	7000
10	25000
10	7000
10	8000
10	34000
10	7000
10	7000
10	2000
10	7000
10	5000
10	5000
10	7000
10	8000
10	2000
10	5000
10	4000
10	9000
10	31000
10	13000
10	41000
10	3000
10	4000
10	3000
10	13000
10	17000
10	3000
10	47000
10	22000
10	2000
10	15000
10	4000
10	6000
10	3000
10	46000
10	3000
10	3000
10	43000
10	2000
10	25000
10	2000
10	3000
10	2000
10	4000
10	6000
10	16000
10	6000
10	2000
10	3000
10	8000
10	6000
10	3000
10	5000
10	22000
10	10000
10	3000
10	5000
10	3000
10	11000
10	9000
10	2000
10	5000
10	19000
10	15000
10	24000
10	8000
10	7000
10	3000
10	23000
10	22000
10	11000
10	2000
10	2000
10	2000
10	2000
10	2000
10	6000
10	5000
10	6000
10	7000
10	7000
10	2000
10	5000
10	3000
10	7000
10	4000
10	5000
10	10000
10	4000
10	11000
10	6000
10	5000
10	2000
10	2000
10	24000
10	15000
10	63000
10	2000
10	20000
10	15000
10	6000
10	1000
10	5000
10	4000
10	2000
10	2000
10	9000
10	3000
10	8000
10	5000
10	2000
10	5000
10	12000
10	5000
10	2000
10	2000
10	3000
10	3000
10	3000
10	1000
10	3000
10	58000
10	34000
10	2000
10	5000
10	16000
10	69000
10	4000
10	7000
10	5000
10	6000
10	3000
10	8000
10	10000
10	2000
10	2000
10	2000
10	5000
10	22000
10	2000
10	4000
10	10000
10	23000
10	5000
10	8000
10	2000
10	15000
10	23000
10	5000
10	2000
10	8000
10	25000
10	8000
10	7000
10	7000
10	4000
10	2000
10	6000
10	5000
10	2000
10	2000
10	2000
10	3000
10	4000
10	14000
10	3000
10	3000
10	7000
10	5000
10	6000
10	3000
10	21000
10	10000
10	2000
10	3000
10	3000
10	3000
10	4000
10	7000
10	4000
10	2000
10	7000
10	4000
10	2000
10	12000
10	22000
10	2000
10	2000
10	21000
10	2000
10	3000
10	2000
10	8000
10	3000
10	2000
10	5000
10	25000
10	32000
10	33000
10	3000
10	3000
10	15000
10	1000
10	2000
10	3000
10	8000
10	3000
10	5000
10	2000
10	7000
10	20000
10	17000
10	14000
10	2000
10	9000
10	7000
10	5000
10	4000
10	4000
10	2000
10	4000
10	2000
10	3000
10	8000
10	6000
10	6000
10	2000
10	16000
10	8000
10	5000
10	12000
10	3000
12	2000
12	2000
12	2000
12	2000
12	3000
12	3000
12	2000
12	2000
12	3000
12	4000
12	3000
12	2000
12	4000
12	2000
12	3000
12	2000
12	2000
12	2000
12	2000
12	2000
12	2000
12	2000
12	3000
12	2000
12	3000
12	2000
12	2000
12	4000
12	3000
12	3000
12	2000
12	2000
12	4000
12	3000
12	2000
12	2000
12	2000
12	4000
12	2000
12	2000
12	2000
12	5000
12	4000
12	2000
12	8000
12	3000
12	9000
12	4000
12	4000
12	2000
12	2000
12	2000
12	5000
12	2000
12	2000
12	3000
12	4000
12	2000
12	4000
12	6000
12	5000
12	3000
12	2000
12	3000
12	5000
12	3000
12	2000
12	2000
12	2000
12	2000
12	5000
12	5000
12	6000
12	8000
12	2000
12	3000
12	2000
12	2000
12	2000
12	4000
12	2000
12	3000
12	11000
12	4000
12	2000
12	5000
12	3000
12	5000
12	3000
12	15000
12	3000
12	2000
12	3000
12	4000
12	8000
12	3000
12	2000
12	3000
12	2000
12	3000
0	2000
0	5000
0	2000
0	2000
0	2000
0	3000
0	3000
0	4000
0	2000
0	2000
0	4000
0	5000
0	2000
0	2000
0	2000
0	2000
0	2000
0	3000
0	2000
0	2000
0	2000
0	2000
0	3000
0	2000
0	3000
0	2000
0	5000
0	2000
0	3000
0	2000
0	3000
0	4000
0	4000
0	6000
0	2000
0	2000
0	2000
0	2000
0	3000
0	2000
0	4000
0	2000
0	2000
0	2000
0	2000
0	2000
0	6000
0	3000
0	3000
0	3000
0	2000
0	7000
0	5000
0	3000
0	4000
0	2000
0	2000
0	7000
0	2000
0	3000
0	9000
0	2000
0	3000
0	2000
0	2000
0	2000
0	2000
0	7000
0	2000
0	3000
0	10000
0	2000
0	2000
0	4000
0	6000
0	2000
0	2000
0	2000
0	5000
0	2000
0	5000
0	4000
0	2000
0	2000
0	2000
0	2000
0	2000
0	3000
0	6000
0	2000
0	3000
0	2000
0	2000
0	2000
0	2000
0	5000
0	2000
0	2000
0	2000
0	3000
0	3000
0	2000
0	2000
0	4000
0	2000
0	5000
0	2000
0	2000
0	4000
0	2000
0	3000
0	2000
0	9000
0	2000
0	2000
0	5000
0	2000
0	2000
0	17000
0	10000
0	7000
0	5000
0	2000
0	2000
0	2000
0	7000
0	2000
0	2000
0	2000
0	2000
0	3000
0	17000
0	2000
0	7000
0	2000
0	2000
0	2000
0	2000
0	3000
0	2000
0	3000
5	4000
5	3000
5	2000
5	2000
5	3000
5	4000
5	3000
5	3000
5	2000
5	2000
5	3000
5	3000
5	2000
5	3000
5	3000
5	3000
5	1000
5	7000
5	2000
5	15000
5	3000
5	5000
5	7000
5	8000
5	2000
5	3000
5	7000
5	2000
5	2000
5	2000
5	3000
5	3000
5	2000
5	2000
5	1000
5	1000
5	2000
5	4000
5	7000
5	3000
5	2000
5	3000
5	2000
5	3000
5	4000
5	3000
5	2000
5	3000
5	4000
5	3000
5	3000
5	1000
5	3000
5	2000
5	4000
5	3000
5	2000
5	2000
5	3000
5	2000
5	1000
5	2000
5	1000
5	2000
5	2000
5	2000
5	5000
5	4000
5	8000
5	8000
5	3000
5	5000
5	6000
5	1000
5	3000
5	10000
5	2000
5	1000
5	9000
5	5000
5	2000
5	3000
5	7000
5	3000
5	4000
5	2000
5	2000
5	2000
5	3000
5	1000
5	3000
5	4000
5	3000
5	1000
5	3000
5	2000
5	6000
5	2000
5	4000
5	2000
5	2000
5	4000
5	2000
5	1000
5	2000
5	2000
5	5000
5	4000
5	4000
5	1000
5	1000
5	2000
5	2000
5	4000
5	2000
5	2000
5	7000
5	6000
5	3000
5	2000
5	4000
5	4000
5	1000
5	3000
5	3000
5	5000
5	2000
5	4000
5	5000
5	12000
5	6000
5	3000
5	4000
5	3000
5	3000
5	2000
5	2000
5	3000
5	3000
5	14000
5	3000
5	4000
5	5000
5	2000
5	2000
5	4000
5	14000
5	2000
5	2000
5	6000
5	1000
5	3000
5	2000
5	2000
5	3000
5	2000
5	3000
5	10000
5	3000
5	2000
5	4000
5	2000
5	1000
5	2000
5	3000
5	2000
5	2000
5	3000
5	5000
5	1000
5	5000
5	2000
5	2000
5	3000
5	2000
5	5000
5	2000
5	4000
5	2000
5	3000
5	3000
5	2000
5	4000
5	2000
5	3000
5	3000
5	4000
5	2000
5	4000
5	3000
5	2000
5	2000
5	2000
5	19000
5	9000
5	2000
5	2000
5	9000
5	1000
5	2000
5	6000
5	2000
5	2000
5	4000
5	2000
5	2000
5	2000
5	3000
5	3000
5	3000
5	5000
5	2000
5	2000
5	12000
5	2000
5	2000
5	3000
5	17000
5	3000
5	2000
5	3000
5	2000
5	1000
5	4000
5	4000
5	3000
5	1000
5	1000
5	7000
5	3000
5	4000
5	2000
5	8000
5	6000
5	2000
5	5000
5	4000
5	4000
5	9000
5	7000
5	3000
5	2000
5	7000
5	5000
5	3000
5	3000
5	3000
5	4000
5	4000
5	9000
5	4000
5	2000
5	2000
5	13000
5	4000
5	3000
5	19000
5	6000
5	1000
5	1000
5	2000
5	6000
5	5000
5	2000
5	2000
5	2000
5	6000
5	3000
5	8000
5	1000
5	4000
5	4000
5	6000
5	9000
5	7000
5	11000
5	16000
5	20000
5	16000
5	2000
5	17000
5	23000
5	4000
5	3000
5	8000
5	9000
5	2000
5	2000
5	2000
5	5000
5	5000
5	6000
5	5000
5	4000
5	6000
5	8000
5	9000
5	3000
5	2000
5	2000
5	2000
5	2000
5	2000
5	6000
5	5000
5	5000
5	13000
5	3000
5	3000
5	11000
5	7000
5	11000
5	7000
5	9000
5	6000
5	2000
5	4000
5	3000
5	9000
5	11000
5	4000
5	3000
5	5000
5	2000
5	2000
5	4000
5	7000
5	6000
5	4000
5	3000
5	3000
5	2000
5	2000
5	10000
5	4000
5	8000
5	2000
5	4000
5	28000
5	20000
5	5000
5	55000
5	23000
5	6000
5	19000
5	6000
5	33000
5	3000
5	3000
5	9000
5	82000
5	6000
5	15000
5	13000
5	10000
5	33000
5	13000
5	16000
5	15000
5	4000
5	33000
5	22000
5	12000
5	1000
5	2000
5	1000
5	3000
5	2000
5	2000
5	1000
5	8000
5	6000
5	4000
5	2000
5	3000
5	4000
5	3000
5	2000
5	2000
5	3000
5	4000
5	1000
5	3000
5	2000
5	2000
5	4000
5	1000
5	2000
5	4000
5	4000
5	2000
5	4000
5	3000
5	2000
5	6000
5	2000
11	20000
11	6000
11	3000
11	4000
11	5000
11	2000
11	7000
11	4000
11	6000
11	2000
11	3000
11	2000
11	14000
11	5000
11	6000
11	2000
11	2000
11	2000
11	5000
11	2000
11	2000
11	2000
11	2000
11	9000
11	2000
11	2000
11	5000
11	2000
11	2000
11	3000
11	5000
11	4000
11	3000
11	2000
11	6000
11	3000
11	2000
11	2000
11	14000
11	14000
11	2000
11	2000
11	9000
11	5000
11	5000
11	2000
11	2000
11	4000
11	6000
11	2000
11	2000
11	4000
11	2000
11	9000
11	2000
11	18000
11	2000
11	2000
11	4000
11	3000
11	4000
11	2000
11	2000
11	7000
11	5000
11	2000
11	3000
11	11000
11	22000
11	3000
11	7000
11	4000
11	5000
11	2000
11	2000
11	19000
11	7000
11	5000
11	12000
11	3000
11	2000
11	2000
11	4000
11	2000
11	4000
11	2000
11	2000
11	2000
11	8000
11	2000
11	2000
11	6000
11	7000
11	9000
11	2000
11	3000
11	4000
11	4000
11	5000
11	10000
11	8000
11	2000
11	4000
11	3000
11	2000
11	2000
11	15000
11	14000
11	2000
11	3000
11	5000
11	17000
11	2000
11	8000
11	19000
11	2000
11	2000
11	4000
11	2000
11	2000
11	5000
11	2000
11	2000
11	7000
11	2000
11	2000
11	3000
11	3000
11	4000
11	8000
11	6000
11	4000
11	17000
11	2000
11	3000
11	7000
11	3000
11	5000
11	2000
11	2000
11	8000
11	2000
11	2000
11	2000
11	7000
11	19000
11	3000
11	2000
11	2000
11	3000
11	9000
11	12000
11	5000
11	14000
11	5000
11	16000
11	3000
11	14000
11	11000
11	2000
11	4000
11	2000
11	2000
11	2000
11	2000
11	6000
11	3000
11	3000
11	2000
11	3000
11	7000
11	2000
11	4000
11	2000
11	2000
11	2000
11	3000
11	2000
11	3000
11	4000
11	2000
11	3000
11	35000
11	7000
3	4000
3	7000
3	2000
3	11000
3	1000
3	1000
3	7000
3	2000
3	3000
3	2000
3	4000
3	3000
3	3000
3	4000
3	2000
3	3000
3	7000
3	4000
3	2000
3	2000
3	5000
3	2000
3	3000
3	6000
3	10000
3	4000
3	12000
3	14000
3	5000
3	4000
3	4000
3	3000
3	13000
3	11000
3	14000
3	4000
3	3000
3	7000
3	12000
3	8000
3	4000
3	9000
3	2000
3	9000
3	5000
3	3000
3	17000
3	31000
3	18000
3	4000
3	5000
3	3000
3	4000
3	9000
3	2000
3	21000
3	4000
3	13000
3	6000
3	2000
3	15000
3	13000
3	5000
3	4000
3	6000
3	3000
3	3000
3	2000
3	2000
3	4000
3	10000
3	2000
3	5000
3	3000
3	1000
3	2000
3	3000
3	1000
3	2000
3	2000
3	6000
3	5000
3	3000
3	2000
3	8000
3	3000
3	5000
3	11000
3	5000
3	15000
3	3000
3	1000
3	5000
3	8000
3	1000
3	4000
3	9000
3	9000
3	1000
3	3000
3	5000
3	2000
3	3000
3	9000
3	4000
3	3000
3	5000
3	2000
3	3000
3	10000
3	2000
3	3000
3	3000
3	4000
3	5000
3	2000
3	3000
3	3000
3	1000
3	4000
3	4000
3	2000
3	2000
3	3000
3	4000
3	1000
3	2000
3	1000
3	4000
3	1000
3	3000
3	3000
3	3000
3	2000
3	2000
3	2000
3	1000
3	4000
3	2000
3	2000
3	2000
3	3000
3	3000
3	2000
3	3000
3	5000
3	14000
3	12000
3	3000
3	6000
3	7000
3	2000
3	3000
3	3000
3	14000
3	3000
3	2000
3	3000
3	3000
3	6000
3	2000
3	2000
3	3000
3	6000
3	3000
3	5000
3	3000
3	3000
3	4000
3	3000
3	9000
3	3000
3	5000
3	6000
3	1000
3	2000
3	5000
3	6000
3	2000
3	2000
3	2000
3	2000
3	17000
3	2000
3	1000
3	5000
3	3000
3	2000
3	4000
3	4000
3	3000
3	2000
3	1000
3	4000
3	2000
3	3000
3	2000
3	3000
3	2000
3	8000
3	1000
3	6000
3	9000
3	3000
3	3000
3	2000
3	4000
3	5000
3	1000
3	3000
3	2000
3	1000
3	1000
3	2000
3	7000
3	12000
3	8000
3	4000
3	6000
3	6000
3	3000
3	2000
3	25000
3	8000
3	2000
3	3000
3	2000
3	3000
3	3000
3	9000
3	6000
3	10000
3	3000
3	6000
3	10000
3	3000
3	2000
3	2000
3	2000
3	2000
3	2000
3	3000
3	4000
3	8000
3	2000
3	3000
3	2000
3	8000
3	2000
3	1000
3	2000
3	3000
3	4000
3	3000
3	8000
3	4000
3	1000
3	3000
3	2000
3	2000
3	7000
3	2000
3	4000
3	5000
3	5000
3	3000
3	1000
3	3000
3	5000
3	3000
3	1000
3	9000
3	5000
3	3000
3	1000
3	4000
3	2000
3	3000
3	4000
3	2000
3	4000
3	2000
3	2000
3	3000
3	4000
3	2000
3	2000
3	2000
3	2000
3	2000
3	2000
3	4000
3	2000
3	2000
3	2000
3	8000
3	3000
3	11000
3	5000
3	7000
3	7000
3	3000
3	4000
3	3000
3	20000
3	2000
3	2000
3	4000
3	2000
3	6000
3	7000
3	3000
3	6000
3	9000
3	3000
3	7000
3	2000
3	4000
3	10000
3	1000
3	20000
3	16000
3	1000
3	5000
3	5000
3	2000
3	12000
3	6000
3	7000
3	13000
3	14000
3	3000
3	5000
3	5000
3	7000
3	3000
3	4000
3	14000
3	1000
3	5000
3	6000
3	8000
3	22000
3	4000
3	6000
3	6000
3	2000
3	3000
3	3000
3	4000
3	21000
3	3000
3	1000
3	12000
3	2000
3	4000
3	10000
3	4000
3	3000
3	3000
3	4000
3	5000
3	4000
3	2000
3	4001
3	31000
3	49000
3	65000
3	5000
3	16000
3	3000
3	31000
3	2000
3	19000
3	8000
3	22000
3	3000
3	26000
3	17000
3	4000
3	15000
3	3000
3	8000
3	1000
3	3000
3	7000
3	7000
3	7000
3	25000
3	10000
3	1000
3	2000
3	10000
3	2000
3	2000
3	2000
3	2000
3	3000
3	1000
3	4000
3	1000
3	3000
3	3000
3	2000
3	2000
3	5000
3	4000
3	2000
3	2000
3	6000
3	4000
3	3000
3	2000
3	9000
3	4000
3	2000
3	1000
3	2000
3	2000
3	1000
3	3000
3	4000
3	4000
3	5000
3	2000
3	4000
3	3000
3	3000
3	2000
3	3000
3	4000
3	2000
3	1000
3	5000
3	4000
3	3000
3	7000
3	5000
3	6000
3	2000
3	3000
3	3000
3	4000
3	3000
3	2000
3	2000
3	2000
3	2000
3	6000
3	7000
3	3000
3	7000
3	2000
3	3000
3	8000
3	5000
3	4000
3	2000
3	3000
3	2000
3	4000
3	2000
3	3000
3	14000
3	7000
3	10000
3	4000
3	8000
3	2000
3	11000
3	4000
3	4000
3	2000
3	2000
3	19000
3	8000
3	15000
3	18000
3	2000
3	7000
3	9000
3	4000
3	1000
3	3000
3	5000
3	2000
3	2000
3	4000
3	5000
3	5000
3	2000
3	8000
3	9000
3	8876
3	15000
3	33000
3	24000
3	15000
3	8000
3	2000
3	10000
3	36000
3	20000
3	2000
3	23000
3	18000
3	5000
3	22000
3	26000
3	12000
3	43000
3	13000
3	11000
3	3000
3	11000
3	7000
3	11000
3	36000
3	4000
3	13000
3	2000
3	3000
3	6000
3	2000
3	2000
3	7000
3	1000
3	2000
3	3000
3	3000
3	4000
3	2000
3	3000
3	2000
3	3000
3	3000
3	3000
3	6000
3	3000
3	5000
3	2000
3	3000
3	6000
3	4000
3	4000
3	11000
3	4000
3	3000
3	12000
3	2000
3	4000
3	5000
3	3000
3	3000
3	3000
3	2000
3	14000
3	4000
3	7000
3	4000
3	3000
3	2000
3	8000
3	9000
3	2000
3	8000
3	2000
3	2000
3	3000
3	3000
3	2000
3	3000
3	2000
3	2000
3	3000
3	5000
3	5000
3	6000
3	1000
3	4000
3	6000
3	2000
3	3000
3	3000
3	2000
3	1000
3	3000
3	2000
3	4000
3	3000
3	2000
3	8000
3	13000
3	2000
3	6000
3	12000
3	2000
3	3000
3	4000
3	4000
3	2000
3	2000
3	4000
3	5000
3	6000
3	6000
3	2000
3	2000
3	5000
3	3000
3	6000
3	6000
3	2000
3	2000
3	3000
3	3000
3	2000
3	3000
3	5000
3	4000
3	4000
3	4000
3	2000
3	4000
3	4000
3	2000
3	4000
3	12000
3	2000
3	7000
3	17000
3	10000
3	2000
3	5000
3	2000
3	2000
3	5000
3	2000
3	8000
3	1000
3	3000
3	10000
3	6000
3	3000
3	14000
3	4000
3	3000
3	3000
3	5000
3	3000
3	2000
3	1000
3	2000
3	3000
3	2000
3	7000
3	3000
3	3000
3	2000
3	2000
3	2000
3	3000
3	3000
3	2000
3	8000
3	5000
3	4000
3	2000
3	4000
3	1000
3	2000
3	2000
3	4000
3	2000
3	7000
3	2000
3	4000
3	2000
3	3000
3	3000
3	3000
3	3000
3	3000
3	5000
3	34000
3	5000
3	84000
3	174000
3	133000
3	57000
3	4000
3	3000
3	4000
3	10000
3	1000
3	2000
3	2000
3	4000
3	7000
3	3000
3	9000
3	3000
3	3000
3	3000
3	4000
3	9000
3	1000
3	3000
3	3000
3	4000
3	2000
3	3000
3	7000
3	7000
3	9000
3	2000
3	2000
3	4000
3	4000
3	6000
3	10000
3	5000
3	1000
3	5000
3	3000
3	2000
3	4000
3	2000
3	3000
3	3000
3	1000
3	2000
3	6000
3	3000
3	6000
3	6000
3	8000
3	4000
3	11000
3	6000
3	2000
3	1000
3	3000
3	3000
3	2000
3	1000
3	7000
3	3000
3	4000
3	8000
3	2000
3	5000
3	3000
3	2000
3	8000
3	3000
3	3000
3	2000
3	5000
3	2000
3	5000
3	7000
3	1000
3	2000
3	7000
3	2000
3	8000
3	1000
3	8000
3	3000
3	6000
3	3000
3	4000
3	9000
3	22000
3	6000
3	6000
3	4000
3	7000
3	2000
3	11000
3	11000
3	3000
3	3000
3	11000
3	3000
3	2000
3	2000
3	5000
3	2000
3	2000
3	2000
3	2000
3	2000
3	4000
3	2000
3	2000
3	4000
3	2000
3	2000
3	5000
3	6000
3	2000
3	1000
3	8000
3	3000
3	3000
3	4000
3	4000
3	2000
3	1000
3	5000
3	3000
3	2000
3	2000
3	2000
3	9000
3	4000
3	4000
3	3000
3	2000
3	4000
3	3000
3	7000
3	2000
3	4000
3	7000
3	7000
3	3000
3	1000
3	4000
3	3000
3	3000
3	2000
3	2000
3	3000
3	2000
3	3000
3	3000
3	2000
3	3000
3	2000
3	2000
3	9000
3	2000
3	4000
3	1000
3	2000
3	12000
3	1000
3	6000
3	4000
3	3000
3	7000
3	3000
3	4000
3	3000
3	2000
3	3000
3	2000
3	2000
3	1000
3	2000
3	2000
3	8000
3	8000
3	4000
3	6000
3	4000
3	3000
3	4000
3	5000
3	3000
3	3000
3	9000
3	2000
3	2000
3	2000
3	4000
3	5000
3	2000
3	4000
3	2000
3	3000
3	3000
3	2000
3	5000
3	1000
3	8000
3	6000
3	4000
3	2000
3	2000
3	3000
3	5000
3	2000
3	4000
3	3000
3	2000
3	3000
3	2000
3	4000
3	7000
3	12000
3	5000
3	3000
3	2000
3	4000
3	7000
3	3000
3	4000
3	3000
3	3000
3	1000
3	4000
3	22000
3	3000
3	5000
3	4000
3	3000
3	5000
3	3000
3	4000
3	4000
3	3000
3	7000
3	5000
3	4000
3	6000
3	3000
3	2000
3	3000
3	2000
3	1000
3	2000
3	2000
3	2000
3	2000
3	2000
3	4000
3	4000
3	4000
3	8000
3	4000
3	2000
3	4000
3	2000
3	5000
3	2000
3	3000
3	2000
3	6000
3	2000
3	2000
3	2000
3	3000
3	2000
3	1000
3	5000
3	8000
3	5000
3	8000
3	6000
3	7000
3	3000
3	17000
3	3000
3	3000
3	9000
3	4000
3	4000
3	9000
3	1000
3	3000
3	9000
3	11000
3	2000
3	4000
3	2000
3	16000
3	7000
3	3000
3	3000
3	3000
3	5000
3	3000
3	2000
3	4000
3	4000
3	4000
3	3000
3	2000
3	3000
3	2000
3	2000
3	3000
3	2000
3	4000
3	5000
3	3000
3	5000
3	9000
3	8000
3	5000
3	4000
3	4000
3	2000
3	1000
3	2000
3	2000
3	4000
3	4000
3	1000
3	2000
3	3000
3	2000
3	2000
3	1000
3	5000
3	4000
3	4000
3	2000
3	2000
3	3000
3	2000
3	2000
3	2000
3	2000
3	2000
3	3000
3	5000
3	4424
3	6000
3	18000
3	3000
3	3000
3	11000
3	3000
3	2000
3	3000
3	1000
3	5000
3	3000
3	1000
3	3000
3	2000
3	2000
3	4000
3	3000
3	1000
3	3000
3	4000
3	3000
3	4000
3	3000
3	2000
3	1000
3	2000
3	3000
3	4000
3	2000
3	5000
3	2000
3	3000
3	8000
3	3000
3	5000
3	2000
3	3000
3	1000
3	3000
3	1000
3	2000
3	2000
3	5000
3	2000
3	2000
3	3000
3	2000
3	2000
3	3000
3	2000
3	2000
3	2000
3	2000
3	2000
3	1000
3	2000
3	10000
3	3000
3	2000
3	2000
3	4000
3	2000
3	8000
3	3000
3	2000
3	2000
3	2000
3	3000
3	2000
3	4000
3	3000
3	2000
3	5000
3	3000
3	1000
3	4000
3	2000
3	3000
3	1000
3	3000
3	4000
3	6000
3	2000
3	4000
3	2000
3	2000
3	3000
3	4000
3	2000
3	4000
3	2000
3	3000
3	1000
3	4000
3	2000
3	3000
3	4000
3	4000
3	5000
3	5000
3	5000
3	2000
3	2000
3	3000
3	3000
3	5000
3	3000
3	3000
3	2000
3	4000
3	2000
3	2000
3	2000
3	4000
3	3000
3	6000
3	2000
3	3000
3	3000
3	2000
3	2000
3	1000
3	1000
3	2000
3	5000
3	3000
3	2000
3	2000
3	2000
3	2000
3	2000
3	2000
3	6000
3	7000
3	4000
3	3000
3	2000
3	5000
3	6000
3	3000
3	3000
3	4000
3	4000
3	4000
3	4000
3	1000
3	5000
3	6000
3	3000
3	1000
3	1000
3	2000
3	4000
3	8000
3	1000
3	6000
3	7000
3	4000
3	8000
3	3000
3	2000
3	3000
3	2000
3	4000
3	1000
3	2000
3	3000
3	3000
3	2000
3	2000
3	2000
3	3000
3	5000
3	2000
3	2000
3	2000
3	1000
3	5000
3	3000
3	3000
3	2000
3	2000
3	8000
3	2000
3	5000
3	2000
3	4000
3	4000
3	3000
3	11000
3	1000
3	2000
3	1000
3	4000
3	7000
3	11000
3	7000
3	18000
3	6000
3	1000
3	15000
3	11000
3	3000
3	2000
3	3000
3	5000
3	41000
3	9000
3	3000
3	5000
3	2000
3	5000
3	2000
3	15000
3	7000
3	8000
3	2000
3	17000
3	5000
3	7000
3	2000
3	6000
3	6000
3	8000
3	10000
3	21000
3	1000
3	4000
3	10000
3	13000
3	12000
3	16000
3	5000
3	1000
3	4000
3	1000
3	4000
3	4000
3	3000
3	5000
3	2000
3	2000
3	2000
3	2000
3	2000
3	1000
3	5000
3	6000
3	2000
3	2000
3	2000
3	2000
3	10000
3	2000
3	1000
3	2000
3	14000
3	3000
3	5000
3	20000
3	3000
3	19000
3	11000
3	8000
3	8000
3	6000
3	2000
3	5000
3	4000
3	4000
3	6000
3	3000
3	3000
3	2000
3	7000
3	5000
3	2000
3	3000
3	1000
3	8000
3	3000
3	20000
3	3000
3	2000
3	14000
3	4000
3	27000
3	11000
3	4000
3	5000
3	2000
3	2000
3	2000
3	6000
3	2000
3	5000
3	4000
3	8000
3	6000
3	3000
3	2000
3	6000
3	2000
3	5000
3	2000
3	1000
3	6000
2	2000
2	2000
2	3000
2	2000
2	2000
2	2000
2	3000
2	2000
2	2000
2	2000
2	2000
2	2000
2	3000
2	2000
2	4000
2	8000
2	2000
2	2000
2	2000
2	2000
2	3000
2	3000
2	2000
2	2000
2	2000
2	2000
2	2000
2	2000
2	4000
2	7000
2	3000
2	2000
2	2000
2	2000
2	2000
2	2000
2	2000
2	2000
2	3000
2	2000
2	2000
2	4000
2	3000
2	2000
2	2000
2	2000
2	2000
2	2000
2	2000
2	2000
2	2000
2	3000
2	2000
2	2000
2	2000
2	2000
2	2000
2	2000
2	2000
2	2000
2	3000
2	2000
2	2000
2	2000
2	2000
2	2000
2	2000
2	2000
2	2000
2	2000
2	2000
2	2000
2	2000
2	2000
2	3000
2	2000
2	2000
2	2000
2	2000
2	2000
2	2000
2	2000
2	2000
2	3000
2	2000
2	2000
2	3000
2	2000
2	2000
2	4000
2	2000
2	2000
2	2000
2	3000
2	2000
2	3000
2	3000
2	2000
2	2000
2	3000
2	2000
2	2000
2	2000
2	3000
2	2000
2	2000
2	2000
2	2000
2	2000
2	2000
2	4000
2	3000
2	2000
2	2000
2	2000
2	6000
2	2000
2	2000
2	2000
2	3000
2	2000
2	3000
2	2000
2	2000
2	2000
2	2000
2	2000
2	2000
2	6000
2	2000
2	5000
2	2000
2	2000
2	2000
2	2000
2	3000
2	4000
2	2000
2	5000
2	2000
2	2000
2	2000
2	2000
2	2000
2	4000
2	2000
2	3000
2	4000
2	2000
2	2000
2	2000
2	2000
2	5000
2	2000
2	3000
2	2000
2	2000
2	2000
2	3000
2	2000
2	2000
2	2000
2	2000
2	2000
2	2000
2	2000
2	2000
2	2000
2	5000
2	2000
2	2000
2	2000
2	2000
2	2000
2	2000
2	3000
2	2000
2	2000
2	2000
2	2000
2	3000
2	2000
2	3000
2	3000
2	2000
2	2000
2	2000
2	2000
2	2000
2	2000
2	4000
2	6000
2	3000
2	2000
2	3000
2	2000
2	2000
2	5000
2	2000
2	2000
2	2000
2	2000
2	2000
2	4000
2	2000
2	3000
2	2000
2	4000
2	2000
2	2000
2	4000
2	3000
2	3000
2	2000
2	2000
2	2000
2	2000
2	2000
2	2000
2	2000
2	2000
2	2000
2	2000
2	4000
2	2000
2	2000
9	8000
9	1000
9	9000
9	3000
9	2000
9	1000
9	2000
9	2000
9	4000
9	8000
9	10000
9	4000
9	3000
9	2000
9	2000
9	3000
9	5000
9	6000
9	7000
9	2000
9	1000
9	2000
9	2000
9	3000
9	3000
9	11000
9	5000
9	3000
9	1000
9	5000
9	3000
9	2000
9	5000
9	2000
9	2000
9	2000
9	4000
9	3000
9	2000
9	5000
9	3000
9	3000
9	4000
9	1000
9	1000
9	3000
9	7000
9	10000
9	8000
9	3000
9	2000
9	23000
9	18000
9	4000
9	1000
9	2000
9	3000
9	13000
9	7000
9	4000
9	6000
9	2000
9	17000
9	2000
9	2000
9	2000
9	5000
9	1000
9	4000
9	3000
9	6000
9	9000
9	3000
9	1000
9	2000
9	2000
9	4000
9	3000
9	4000
9	2000
9	3000
9	11000
9	1000
9	2000
9	10000
9	5000
9	4000
9	1000
9	2000
9	4000
9	4000
9	48
9	5000
9	3000
9	4000
9	4000
9	5000
9	4000
9	2000
9	1000
9	2000
9	6000
9	4000
9	11000
9	8000
9	5000
9	6000
9	4000
9	10000
9	5000
9	3000
9	9000
9	4000
9	5000
9	7000
9	7000
9	8000
9	3000
9	4000
9	7000
9	4000
9	3000
9	4000
9	8000
9	2000
9	2000
9	1000
9	10000
9	2000
9	6000
9	11000
9	16000
9	5000
9	6000
9	4000
9	8000
9	2000
9	4000
9	9000
9	9000
9	10000
9	2000
9	3000
9	2000
9	14000
9	8000
9	8000
9	3000
9	1000
9	5000
9	2000
9	11000
9	3000
9	10000
9	5000
9	2000
9	2000
9	11000
9	4000
9	5000
9	3000
9	5000
9	2000
9	3000
9	5000
9	5000
9	8000
9	11000
9	4000
9	6000
9	4000
9	2000
9	6000
9	5000
9	2000
9	5000
9	10000
9	7000
9	6000
9	1000
9	3000
9	7000
9	4000
9	6000
9	5000
9	10592
9	2000
9	3000
9	4000
9	2000
9	2000
9	9000
9	16000
9	4000
9	2000
9	8000
9	3000
9	2000
9	3000
9	6000
9	1000
9	4000
9	2000
9	3000
9	3000
9	9000
9	4000
9	1000
9	3000
9	1000
9	5000
9	3000
9	8000
9	4000
9	4000
9	4000
9	7000
9	1000
9	2000
9	4000
9	1000
9	4000
9	3000
9	4000
9	3000
9	10000
9	12000
9	3000
9	8000
9	2000
9	6000
9	3000
9	4000
9	2000
9	3000
9	2000
9	5000
9	1000
9	2000
9	10000
9	5000
9	3000
9	7000
9	2000
9	3000
9	5000
9	2000
9	4000
9	4000
9	3000
9	3000
9	3000
9	4000
9	5000
9	4000
9	6000
9	2000
9	3000
9	3000
9	2000
9	7000
9	9000
9	2000
9	2000
9	2000
9	10000
9	2000
9	6000
9	4000
9	8000
9	3000
9	3000
9	2000
9	9000
9	6000
9	10000
9	2000
9	3000
9	3000
9	2000
9	2000
9	2000
9	2000
9	2000
9	2000
9	2000
9	12000
9	5000
9	2000
9	2000
9	4000
9	5000
9	2000
9	2000
9	3000
9	4000
9	2000
9	3000
9	2000
9	10000
9	1000
9	3000
9	4000
9	2000
9	2000
9	4000
9	4000
9	3000
9	2000
9	7000
9	4000
9	5000
9	3000
9	4000
9	12000
9	2000
9	5000
9	3000
9	6000
9	4000
9	2000
9	3000
9	6000
9	14000
9	3000
9	3000
9	2000
9	12000
9	3000
9	7000
9	4000
9	15000
9	2000
9	3000
9	8000
9	3000
9	2000
9	2000
9	3000
9	4000
9	9000
9	6000
9	6000
9	5000
9	6000
9	3000
9	11000
9	4000
9	1000
9	5000
9	10000
9	3000
9	3000
9	10000
9	6000
9	4000
9	3000
9	3000
9	2000
9	2000
9	3000
9	2000
9	3000
9	3000
9	3000
9	5000
9	3000
9	2000
9	7000
9	6000
9	4000
9	2000
9	1000
9	3000
9	11000
9	3000
9	4000
9	2000
9	3000
9	7000
9	3000
9	1000
9	2000
9	3000
9	4000
9	2000
9	6000
9	3000
9	5000
9	9000
9	1000
9	3000
9	2000
9	4000
9	4000
9	5000
9	2000
9	3000
9	4000
9	1000
9	2000
9	10000
9	2000
9	11000
9	3000
9	2000
9	2000
9	1000
9	3000
9	2000
9	2000
9	10000
9	3000
9	2000
9	2000
9	6000
9	2000
9	3000
9	2000
9	16000
9	2000
9	6000
9	7000
9	5000
9	13000
9	3000
9	4000
9	3000
9	34000
9	8000
9	9000
9	11000
9	2000
9	3000
9	6000
9	3000
9	2000
9	5000
9	2000
9	12000
9	5000
9	8000
9	2000
9	2000
9	2000
9	4000
9	6000
9	4000
9	7000
9	2000
9	2000
9	8000
9	1000
9	2000
9	13000
9	8000
9	4000
9	6000
9	2000
9	3000
9	9000
9	4000
9	7000
9	7000
9	9000
9	2000
9	3000
9	1000
9	4000
9	3000
9	6000
9	5000
9	7000
9	5000
9	2000
9	2000
9	3000
9	3000
9	9000
9	2000
9	6000
9	3000
9	2000
9	2000
9	1000
9	3000
9	7000
9	9000
9	9000
9	2000
9	2000
9	3000
9	5000
9	2000
9	5000
9	7000
9	3000
9	2000
9	5000
9	5000
9	4000
9	5000
9	1000
9	11000
9	5000
9	3000
9	6000
9	6000
9	6000
9	3000
9	6000
9	2000
9	3000
9	3000
9	5000
9	3000
9	8000
9	4000
9	5000
9	6000
9	3000
9	3000
9	2000
9	3000
9	4000
9	6000
9	1000
9	5000
9	2000
9	2000
9	6000
9	1000
9	1000
9	2000
9	3000
9	3000
9	8000
9	3000
9	1000
9	2000
9	2000
9	3000
9	6000
9	1000
9	2000
9	1000
9	2000
9	2000
9	4000
9	6000
9	3000
9	5000
9	3000
9	1000
9	2000
9	6000
9	2000
9	2000
9	6000
9	4000
9	4000
9	3000
9	6000
9	7000
9	3000
9	2000
9	3000
9	4000
9	3000
9	6000
9	4000
9	1000
9	3000
9	6000
9	2000
9	3000
9	1000
9	2000
9	3000
9	3000
9	3000
9	2000
9	2000
9	4000
9	13000
9	5000
9	3000
9	1000
9	8000
9	3000
9	5000
9	6000
9	4000
9	7000
9	5000
9	3000
9	4000
9	16000
9	4000
9	3000
9	5000
9	4000
9	3000
9	4000
9	2000
9	7000
9	2000
9	3000
9	3000
9	2000
9	2000
9	4000
9	4000
9	6000
9	5000
9	3000
9	4000
9	1000
9	3000
9	20000
9	6000
9	2000
9	5000
9	5000
9	6000
9	5000
9	12000
9	17000
9	2000
9	2000
9	5000
9	3000
9	3000
9	3000
9	3000
9	17000
9	2000
9	5000
9	14000
9	10000
9	5000
9	27000
9	16000
9	3000
9	3000
9	7000
9	8000
9	11000
9	5000
9	3000
9	9000
9	6000
9	8000
9	4000
9	7000
9	3000
9	8000
9	3000
9	9000
9	2000
9	6000
9	7000
9	3000
9	9000
9	10000
9	17000
9	9000
9	3000
9	5000
9	5000
9	4000
9	3000
9	2000
9	4000
9	9000
9	5000
9	3000
9	5000
9	4000
9	4000
9	2000
9	3000
9	3000
9	3000
9	2000
9	6000
9	3000
9	2000
9	9000
9	5000
9	2000
9	3000
9	2000
9	10000
9	2000
9	2000
9	4000
9	8000
9	2000
9	3000
9	2000
9	2000
9	2000
9	9000
9	2000
9	3000
9	7000
9	4000
9	2000
9	2000
9	7000
9	2000
9	5000
9	3000
9	2000
9	12000
9	4000
9	3000
9	4000
9	8000
9	3000
9	2000
9	2000
9	3000
9	2000
9	3000
9	4000
9	6000
9	4000
9	8000
9	5000
9	2000
9	5000
9	4000
9	9000
9	4000
9	4000
9	2000
9	2000
9	4000
9	3000
9	2000
9	1000
9	2000
9	3000
9	7000
9	11000
9	3000
9	9000
9	7000
9	5000
9	4000
9	8000
9	11000
9	7000
9	4000
9	4000
9	11000
9	2000
9	10000
9	5000
9	3000
9	6000
9	3000
9	2000
9	12000
9	13000
9	5000
9	4000
9	2000
9	4000
9	6000
9	3000
9	7000
9	2000
9	1000
9	4000
9	1000
9	1000
9	4000
9	2000
9	2000
9	5000
9	5000
9	2000
9	6000
9	2000
9	10000
9	3000
9	1000
9	1000
9	6000
9	4000
9	6000
9	5000
9	6000
9	3000
9	1000
9	2000
9	3000
9	3000
9	2000
9	1000
9	1000
9	6000
9	21000
9	6000
9	4000
9	2000
9	3000
9	4000
9	10000
9	6000
9	13000
9	3000
9	2000
9	3000
9	4000
9	3000
9	21000
9	2000
9	11000
9	5000
9	14000
9	5000
9	3000
9	2000
9	2000
9	6000
9	4000
9	8000
9	15000
9	4000
9	7000
9	6000
9	4000
9	10000
9	3000
9	23000
9	3000
9	4000
9	3000
9	4000
9	3000
9	2000
9	2000
9	5000
9	2000
9	2000
9	1000
9	3000
9	5000
9	3000
9	2000
9	2000
9	2000
9	6000
9	4000
9	3000
9	3000
9	4000
9	4000
9	6000
9	8000
9	3000
9	19000
9	2000
9	2000
9	5000
9	1000
9	6000
9	15000
9	8000
9	3000
9	3000
9	5000
9	8000
9	7000
9	4000
9	9000
9	8000
9	9000
9	2000
9	4000
9	3000
9	11000
9	9000
9	3000
9	6000
9	4000
9	4000
9	3000
9	3000
9	3000
9	7000
9	9000
9	3000
9	10000
9	6000
9	3000
9	2000
9	3064
9	1000
9	2000
9	6000
9	3000
9	3000
9	5000
9	3000
9	3000
9	3000
9	2000
9	4000
9	3000
9	3000
9	2000
9	8000
9	14000
9	2000
9	2000
9	3000
9	4000
9	4000
9	3000
9	4000
9	4000
9	2000
9	3000
9	5000
9	5000
9	3000
9	6000
9	2000
9	11000
9	4000
9	4000
9	13000
9	3000
9	5000
9	3000
9	3000
9	4000
9	3000
9	2000
9	4000
9	3000
9	2000
9	2000
9	5000
9	7000
9	3000
9	8000
9	3000
9	8000
9	3000
9	4000
9	7000
9	1000
9	2000
9	5000
9	12000
9	5000
9	5000
9	3000
9	2000
9	3000
9	8000
9	5000
9	3000
9	5000
9	2000
9	2000
9	3000
9	5000
9	6000
9	5000
9	3000
9	5000
9	2000
9	1000
9	1000
9	1000
9	3000
9	5000
9	2000
9	7000
9	3000
9	2000
9	2000
9	2000
9	9000
9	2000
9	6000
9	2000
9	3000
9	3000
9	4000
9	1000
9	7000
9	4000
9	3000
9	5000
9	11000
9	6000
9	18000
9	2000
9	3000
9	4000
9	2000
9	4000
9	4000
9	3000
9	4000
9	6000
9	3000
9	8000
9	5000
9	2000
9	1000
9	4000
9	5000
9	2000
9	5000
9	4000
9	8000
9	3000
9	3000
9	11000
9	2000
9	6000
9	2000
9	31000
9	5000
9	7000
9	6000
9	2000
9	3000
9	5000
9	3000
9	2000
9	8000
9	2000
9	13000
9	4000
9	6000
9	3000
9	9000
9	3000
9	14000
9	14000
9	11000
9	1000
9	8000
9	3000
9	5000
9	3000
9	8000
9	3000
9	2000
9	14000
9	8000
9	7000
9	2000
9	4000
9	2000
9	2000
9	2000
9	4000
9	6000
9	2000
9	3000
9	9000
9	5000
9	1000
9	3000
9	4000
9	9000
9	3000
9	4000
9	4000
9	3000
9	13000
9	4000
9	8000
9	3000
9	24000
9	2000
9	3000
9	4000
9	3000
9	3000
9	2000
9	13000
9	6000
9	3000
9	7000
9	3000
9	12000
9	9000
9	2000
9	3000
9	17000
9	11000
9	3000
9	3000
9	11000
9	6000
9	2000
9	4000
9	5000
9	2000
9	5000
9	9000
9	4000
9	7000
9	9000
9	3000
9	3000
9	6000
9	8000
9	5000
9	5000
9	7000
9	4000
9	2000
9	6000
9	4000
9	7000
9	4000
9	1000
9	4000
9	30000
9	6000
9	9000
9	1000
9	2000
9	10000
9	3000
9	3000
9	3000
9	10000
9	6000
9	2000
9	1000
9	8000
9	2000
9	2000
9	4000
9	3000
9	4000
9	2000
9	3000
9	4000
9	6000
9	3000
9	2000
9	2000
9	2000
9	2000
9	2000
9	3000
9	9000
9	6000
9	8000
9	4000
9	2000
9	3000
9	3000
9	3000
9	5000
9	2000
9	4000
9	2000
9	6000
9	3000
9	4000
9	9000
9	5000
9	5000
9	3000
9	3000
9	8000
9	4000
9	4000
9	6000
9	6000
9	4000
9	2000
9	4000
9	3000
9	3000
9	4000
9	10000
9	2000
9	4000
9	3000
9	5000
9	2000
9	3000
9	6000
9	2000
9	12000
9	6000
9	7000
9	6000
9	2000
9	7000
9	3000
9	4000
9	2000
9	2000
9	5000
9	3000
9	2000
9	3000
9	1000
9	2000
9	9000
9	4000
9	11000
9	2000
9	1000
9	11000
9	2000
9	2000
9	3000
9	2000
9	2000
9	4000
9	3000
9	2000
9	2000
9	3000
9	2000
9	1000
9	3000
9	4000
9	5000
9	3000
9	12000
9	2000
9	2000
9	2000
9	4000
9	3000
9	8000
9	3000
9	2000
9	6000
9	4000
9	1000
9	3000
9	3000
9	2000
9	9000
9	2000
9	2000
9	3000
9	15000
9	2000
9	8000
9	4000
9	2000
9	3000
9	15000
9	5000
9	3000
9	3000
9	1000
9	3000
9	2000
9	2000
9	7000
9	9000
9	2000
9	4000
9	2000
9	5000
9	4000
9	1000
9	5000
9	3000
9	991
9	3000
9	2000
9	2000
9	3000
9	1000
9	3000
9	1000
9	7000
9	6000
9	2000
9	2000
9	4000
9	6000
9	5000
9	2000
9	12000
9	6000
9	4000
9	3000
9	5000
9	1000
9	8000
9	4000
9	12000
9	3000
9	4000
9	1000
9	8000
9	6000
9	4000
9	1000
9	1000
9	4000
9	1000
9	1000
9	7000
9	1000
9	12000
9	1000
9	4000
9	30000
9	8000
9	9000
9	3000
9	7000
9	3000
9	8000
9	7000
9	4000
9	3000
9	5000
9	2000
9	7000
9	11000
9	6000
9	9000
9	6000
9	7000
9	4000
9	10000
9	5000
9	10000
9	4000
9	6000
9	9000
9	3000
9	5000
9	1000
9	2000
9	5000
9	1000
9	3000
9	11000
9	4000
9	4000
9	4000
9	2000
9	5000
9	11000
9	2000
9	3000
9	4000
9	3000
9	6000
9	5000
9	3000
9	2000
9	10000
9	4000
9	3000
9	3000
9	7000
9	2000
9	3000
9	2000
9	1000
9	3000
9	4000
9	1000
9	3000
9	5000
9	2000
9	4000
9	4000
9	2000
9	3000
9	1000
9	8000
9	2000
9	2000
9	2000
9	2000
9	3000
9	4000
9	3000
9	4000
9	3000
9	4000
9	5000
9	4000
9	6000
9	3000
9	12000
9	3000
9	2000
9	6000
9	2000
9	2000
9	3000
9	9000
9	3000
9	2000
9	3000
9	3000
9	5000
9	12000
9	5000
9	4000
9	7000
9	7000
9	10000
9	2000
9	3000
9	3000
9	12000
9	2000
9	11000
9	7000
9	2000
9	2000
9	2000
9	3000
9	4000
9	2000
9	2000
9	2000
9	7000
9	4000
9	8000
9	2000
9	4000
9	4000
9	9000
9	3000
9	6000
9	2000
9	10000
9	3000
9	11000
9	5000
9	2000
9	1000
9	4000
9	4000
9	5000
9	2000
9	4000
9	6000
9	1000
9	4000
9	2000
9	4000
9	9000
9	4000
9	2000
9	7000
9	1000
9	1000
9	4000
9	2000
9	1000
9	11000
9	2000
9	2000
9	2000
9	2000
9	1000
9	1000
9	4000
9	2000
9	4000
9	2000
9	5000
9	2000
9	14000
9	3000
9	17000
9	2000
9	3000
9	8000
9	10000
9	1000
9	3000
9	4000
9	3000
9	2000
9	2000
9	6000
9	2000
9	4000
9	2000
9	4000
9	12000
9	2000
9	2000
9	4000
9	3000
9	12000
9	2000
9	4000
9	3000
9	4000
9	5000
9	5000
9	2000
9	3000
9	7000
9	5000
9	6000
9	2000
9	4000
9	2000
9	5000
9	13000
9	8000
9	2000
9	3000
9	9000
9	3000
9	4000
9	3000
9	5000
9	2000
9	2000
9	7000
9	3000
9	25000
9	7000
9	4000
9	11000
9	7000
9	3000
9	11000
9	15000
9	1000
9	11000
9	2000
9	3000
9	5000
9	10000
9	11000
9	2000
9	11000
9	3000
9	4000
9	13000
9	1000
9	28000
9	2000
9	3000
9	5000
9	5000
9	5000
9	2000
9	3000
9	12000
9	9000
9	7000
9	4000
9	4000
9	6000
9	5000
9	5000
9	2000
9	2000
9	3000
9	16000
9	2000
9	4000
9	1000
9	11000
9	3000
9	5000
9	14000
9	5000
9	7000
9	6000
9	3000
9	13000
9	4000
9	7000
9	9000
9	6000
9	6000
9	6000
9	4000
9	5000
9	2000
9	3000
9	2000
9	8000
9	3000
9	2000
9	6000
9	5000
9	2000
9	2000
9	4000
9	7000
9	1000
9	6000
9	3000
9	5000
9	5000
9	7000
9	2000
9	6000
9	3000
9	3000
9	5000
9	1000
9	2000
9	4000
9	2000
9	5000
9	6000
9	3000
9	6000
9	2000
9	6000
9	3000
9	8000
9	2000
9	2000
9	2000
9	2000
9	4000
9	5000
9	2000
9	9000
9	3000
9	2000
9	3000
9	6000
9	3000
9	3000
9	5000
9	2000
9	2000
9	3000
9	2000
9	4000
9	1000
9	2000
9	3000
9	3000
9	1000
9	2000
9	2000
9	2000
9	3000
9	2000
9	5000
9	3000
9	3000
9	5000
9	2000
9	9000
9	2000
9	17000
9	2000
9	8000
9	5000
9	4000
9	4000
9	3000
9	2000
9	6000
9	2000
9	13000
9	4000
9	1000
9	2000
9	2000
9	15000
9	5000
9	3000
9	2000
9	1000
9	1000
9	5000
9	3000
9	3000
9	3000
9	2000
9	5000
9	18000
9	5000
9	5000
9	5000
9	3000
9	2000
9	3000
9	426
9	3000
9	3000
9	2000
9	5000
9	3000
9	5000
9	8000
9	6000
9	4000
9	6000
9	1000
9	7000
9	2000
9	2000
9	4000
9	3000
9	4000
9	6000
9	8000
9	2000
9	3000
9	11000
9	3000
9	10000
9	19000
9	11000
9	1000
9	19000
9	3000
9	2000
9	7000
9	4000
9	8000
9	19000
9	6000
9	2000
9	3000
9	8000
9	2000
9	3000
9	4000
9	5000
9	15000
9	3000
9	3000
9	1000
9	1000
9	2000
9	3000
9	3000
9	2000
9	5000
9	10000
9	3000
9	4000
9	7000
9	3000
9	1000
9	4000
9	2000
9	4000
9	3000
9	3000
9	7000
9	1000
9	2000
9	2000
9	4000
9	3000
9	2000
9	2000
9	8000
9	1000
9	4000
9	6000
9	9000
9	6000
9	2000
9	5000
9	5000
9	3000
9	1000
9	14000
9	4000
9	12000
9	3000
9	3000
9	8000
9	3000
9	8000
9	9000
9	4000
9	20000
9	5000
9	3000
9	3000
9	3000
9	5000
9	1000
9	14000
9	6000
9	2000
9	2000
9	4000
9	5000
9	10000
9	2000
9	1000
9	6000
9	3000
9	2000
9	1000
9	9000
9	3000
9	2000
9	1000
9	3000
9	1000
9	3000
9	1000
9	2000
9	7000
9	2000
9	2000
9	1000
9	1000
9	3000
9	6000
9	2000
9	2000
9	5000
9	3000
9	4000
9	4000
9	2000
9	7000
9	2000
9	5000
9	3000
9	7000
9	1000
9	3000
9	3000
9	5000
9	1000
9	2000
9	5000
9	8000
9	4000
9	4000
9	2000
9	11000
9	11000
9	3000
9	6000
9	8000
9	7000
9	9000
9	4000
9	1000
9	8000
9	3000
9	3000
9	4000
9	5000
9	2000
9	6000
9	2000
9	5000
9	2000
9	3000
9	4000
9	1000
9	6000
9	1000
9	2000
9	10000
9	2000
9	1000
9	3000
9	10000
9	3000
9	7000
9	2000
9	4000
9	2000
9	3000
9	10000
9	3000
9	9000
9	3000
9	8000
9	2000
9	2000
9	2000
9	7000
9	7000
9	3000
9	6000
9	4000
9	7000
9	7000
9	3000
9	4000
9	2000
9	1000
9	5000
9	7000
9	9000
9	4000
9	4000
9	2000
9	2000
1	2000
1	4000
1	2000
1	2000
1	3000
1	4000
1	3000
1	1000
1	2000
1	3000
1	6000
1	4000
1	5000
1	3000
1	4000
1	2000
1	3000
1	2000
1	2000
1	9000
1	2000
1	6000
1	3000
1	2000
1	3000
1	4000
1	3000
1	3000
1	2000
1	1000
1	3000
1	2000
1	2000
1	2000
1	2000
1	2000
1	3000
1	1000
1	1000
1	3000
1	3000
1	1000
1	2000
1	3000
1	3000
1	4000
1	3000
1	4000
1	2000
1	3000
1	4000
1	3000
1	1000
1	3000
1	4000
1	6000
1	4000
1	4000
1	2000
1	9000
1	2000
1	3000
1	3000
1	7000
1	3000
1	4000
1	5000
1	2000
1	2000
1	1000
1	2000
1	3000
1	2000
1	1000
1	2000
1	2000
1	2000
1	2000
1	4000
1	1000
1	3000
1	2000
1	5000
1	5000
1	4000
1	9000
1	3000
1	3000
1	3000
1	4000
1	6000
1	18000
1	5000
1	6000
1	1000
1	4000
1	5000
1	11000
1	2000
1	3000
1	7000
1	6000
1	10000
1	7000
1	7000
1	11000
1	6000
1	3000
1	11000
1	2000
1	2000
1	10000
1	12000
1	3000
1	4000
1	1000
1	3000
1	3000
1	1000
1	4000
1	1000
1	7000
1	6000
1	3000
1	6000
1	11000
1	2000
1	4000
1	3000
1	1000
1	2000
1	3000
1	5000
1	10000
1	3000
1	5000
1	5000
1	3000
1	4000
1	3000
1	3000
1	4000
1	3000
1	11000
1	12000
1	7000
1	2000
1	7000
1	4000
1	1000
1	2000
1	9000
1	11000
1	5000
1	2000
1	6000
1	3000
1	8000
1	6000
1	2000
1	3000
1	3000
1	5000
1	3000
1	2000
1	6000
1	2000
1	4000
1	2000
1	13000
1	10000
1	12000
1	12000
1	4000
1	4000
1	2000
1	2000
1	12000
1	2000
1	5000
1	2000
1	6000
1	2000
1	1000
1	3000
1	2000
1	2000
1	3000
1	4000
1	3000
1	5000
1	3000
1	2000
1	3000
1	2000
1	4000
1	1000
1	3000
1	2000
1	2000
1	3000
1	3000
1	4000
1	2000
1	4000
1	4000
1	5000
1	3000
1	5000
1	6000
1	3000
1	3000
1	7000
1	4000
1	2000
1	2000
1	2000
1	11000
1	3000
1	7000
1	6000
1	3000
1	10000
1	4000
1	3000
1	4000
1	8000
1	1000
1	3000
1	4000
1	1000
1	5000
1	3000
1	3000
1	5000
1	2000
1	2000
1	3000
1	2000
1	2000
1	3000
1	2000
1	2000
1	4000
1	6000
1	2000
1	3000
1	5000
1	3000
1	5000
1	7000
1	2000
1	1000
1	3000
1	8000
1	11000
1	3000
1	2000
1	4000
1	2000
1	4000
1	3000
1	6000
1	5000
1	1000
1	5000
1	2000
1	6000
1	5000
1	2000
1	6000
1	8000
1	3000
1	2000
1	3000
1	5000
1	6000
1	3000
1	3000
1	2000
1	2000
1	2000
1	5000
1	2000
1	5000
1	3000
1	2000
1	21000
1	4000
1	5000
1	8000
1	6000
1	30000
1	1000
1	2000
1	1000
1	3000
1	6000
1	2000
1	3000
1	4000
1	1000
1	3000
1	2000
1	1000
1	2000
1	1000
1	2000
1	9000
1	5000
1	4000
1	7000
1	2000
1	2000
1	2000
1	5000
1	2000
1	1999
1	3000
1	2000
1	8000
1	2000
1	4000
1	3000
1	4000
1	7000
1	2000
1	5000
1	3000
1	5000
1	4000
1	10000
1	9000
1	2000
1	4000
1	4000
1	2000
1	1000
1	2000
1	1000
1	2000
1	2000
1	2000
1	6000
1	3000
1	15000
1	5000
1	2000
1	2000
1	3000
1	4000
1	2000
1	2000
1	3000
1	4000
1	6000
1	8000
1	1000
1	5000
1	9000
1	3000
1	2000
1	2000
1	4000
1	2000
1	2000
1	3000
1	1000
1	2000
1	3000
1	2000
1	8000
1	2000
1	12000
1	2000
1	1000
1	3000
1	3000
1	4000
1	3000
1	2000
1	3000
1	3000
1	3000
1	2000
1	3000
1	2000
1	3000
1	2000
1	2000
1	2000
1	2000
1	3000
1	3000
1	4000
1	4000
1	6000
1	6000
1	4000
1	5000
1	3000
1	6000
1	3000
1	1000
1	2000
1	5000
1	2000
1	2000
1	3000
1	3000
1	3000
1	2000
1	8000
1	3000
1	2000
1	6000
1	5000
1	6000
1	8000
1	10000
1	2000
1	2000
1	2000
1	2000
1	4000
1	4000
1	1000
1	3000
1	1000
1	3000
1	2000
1	1000
1	5000
1	1000
1	1000
1	2000
1	2000
1	3000
1	3000
1	2000
1	2000
1	3000
1	3000
1	3000
1	2000
1	3000
1	1000
1	5000
1	3000
1	7000
1	2000
1	2000
1	4000
1	2000
1	4000
1	2000
1	2000
1	2000
1	1000
1	5000
1	5000
1	3000
1	3000
1	3000
1	2000
1	2000
1	10000
1	5000
1	1000
1	4000
1	4000
1	2000
1	3000
1	2000
1	2000
1	4000
1	3000
1	2000
1	2000
1	3000
1	2000
1	2000
1	2000
1	4000
1	1000
1	5000
1	2000
1	3000
1	1000
1	2000
1	3000
1	2000
1	1000
1	2000
1	2000
1	2000
1	1000
1	2000
1	5000
1	3000
1	2000
1	2000
1	5000
1	1000
1	3000
1	3000
1	2000
1	2000
1	2000
1	9000
1	8000
1	7000
1	2000
1	3000
1	2000
1	5000
1	1000
1	4000
1	2000
1	2000
1	2000
1	1000
1	1000
1	3000
1	5000
1	1000
1	4000
1	2000
1	2000
1	1000
1	2000
1	2000
1	3000
1	4000
1	2000
1	6000
1	3000
1	2000
1	1000
1	11000
1	6000
1	7000
1	4000
1	9000
1	7000
1	3000
1	2000
1	3000
1	2000
1	3000
1	2000
1	3000
1	3000
1	2000
1	1000
1	2000
1	15000
1	8000
1	1000
1	5000
1	3000
1	2000
1	4000
1	2000
1	5000
1	8000
1	4000
1	3000
1	8000
1	3000
1	1000
1	3000
1	2000
1	11000
1	6000
1	10000
1	12000
1	2000
1	18000
1	5000
1	3000
1	11000
1	2000
1	8000
1	2000
1	1000
1	3000
1	2986
1	2000
1	2000
1	2000
1	11000
1	2000
1	3000
1	9000
1	2000
1	2000
1	8000
1	2000
1	2000
1	3000
1	3000
1	3000
1	1000
1	2000
1	2000
1	2000
1	2000
1	3000
1	1000
1	1000
1	13000
1	6000
1	9000
1	3000
1	3000
1	2000
1	2000
1	3000
1	2000
1	5000
1	3000
1	5000
1	2000
1	2000
1	4000
1	8000
1	3000
1	4000
1	2000
1	3000
1	2000
1	6000
1	5000
1	4000
1	2000
1	11000
1	6000
1	3000
1	5000
1	6000
1	8000
1	1000
1	5000
1	2000
1	3000
1	6000
1	4000
1	3000
1	4000
1	3000
1	2000
1	3000
1	17000
1	1000
1	11000
1	2000
1	4000
1	2000
1	1000
1	5000
1	4000
1	7000
1	3000
1	2000
1	3000
1	13000
1	5000
1	3000
1	4000
1	2000
1	2000
1	3000
1	2000
1	2000
1	2000
1	3000
1	1000
1	2000
1	3000
1	4000
1	2000
1	4000
1	2000
1	5000
1	3000
1	2000
1	1000
1	5000
1	4000
1	7000
1	3000
1	1000
1	2000
1	2000
1	3000
1	5000
1	3000
1	1000
1	4000
1	4000
1	3000
1	3000
1	4000
1	2000
1	10000
1	4000
1	3000
1	1000
1	3000
1	5000
1	2000
1	3000
1	2000
1	3000
1	2000
1	2000
1	2000
1	7000
1	2000
1	8000
1	3000
1	4000
1	5000
1	2000
1	3000
1	2000
1	2000
1	2000
1	3000
1	4000
1	3000
1	3000
1	9000
1	2000
1	2000
1	2000
1	6000
1	2000
1	2000
1	3000
1	2000
1	2000
1	1000
1	2000
1	3000
1	7000
1	5000
1	5000
1	2000
1	2000
1	12000
1	12000
1	29000
1	4000
1	10000
1	2000
1	3000
1	3000
1	3000
1	3000
1	3000
1	2000
1	3000
1	11000
1	6000
1	2000
1	2000
1	2000
1	1000
1	3000
1	3000
1	4000
1	3000
1	3000
1	3000
1	1000
1	3000
1	4000
1	4000
1	3000
1	2000
1	4000
1	2000
1	7000
1	3000
1	8000
1	6000
1	6000
1	2000
1	8000
1	6000
1	27000
1	5000
1	1000
1	8000
1	7000
1	4000
1	4000
1	4000
1	25000
1	5000
1	5000
1	3000
1	4000
1	7000
1	2000
1	8000
1	3000
1	7000
1	6000
1	8000
1	2000
1	4000
1	2000
1	2000
1	32000
1	16000
1	7000
1	4000
1	2000
1	2000
1	4000
1	4000
1	2000
1	6000
1	1000
1	1000
1	2000
1	2000
1	1000
1	6000
1	2000
1	3000
1	2000
1	2000
1	2000
1	2000
1	5000
1	2000
1	2000
1	13000
1	8000
1	15000
1	4000
1	3000
1	2000
1	3000
1	4000
1	6000
1	7000
1	10000
1	4000
1	2000
1	3000
1	3000
1	2000
1	3000
1	3000
1	5000
1	6000
1	3000
1	3000
1	2000
1	4000
1	2000
1	5000
1	2000
1	1000
1	4000
1	2000
1	1000
1	8000
1	3000
1	2000
1	3000
1	2000
1	3000
1	2000
1	2000
1	7000
1	2000
1	4000
1	3000
1	2000
1	1000
1	2000
1	4000
1	2000
1	4000
1	2000
1	1000
1	3000
1	2000
1	7000
1	3000
1	3000
1	2000
1	4000
1	1000
1	2000
1	3000
1	2000
1	2000
1	3000
1	3000
1	6000
1	4000
1	8000
1	2000
1	2000
1	2000
1	4000
1	4000
1	3000
1	2000
1	2000
1	2000
1	3000
1	2000
1	1000
1	2000
1	3000
1	4000
1	2000
1	8000
1	7000
1	8000
1	9000
1	2000
1	2000
1	3000
1	4000
1	2000
1	2000
1	2000
1	4000
1	7000
1	5000
1	5000
1	4000
1	15000
1	7000
1	6000
1	5000
1	4000
1	14000
1	8000
1	5000
1	6000
1	5000
1	7000
1	2000
1	2000
1	3000
1	7000
1	2000
1	7000
1	10000
1	3000
1	3000
1	4000
1	2000
1	4000
1	5000
1	5000
1	2000
1	9000
1	3000
1	10000
1	5000
1	5000
1	22000
1	39000
1	4000
1	18000
1	4000
1	22000
1	2000
1	4000
1	4000
1	7000
1	4000
1	2000
1	16000
1	7000
1	2000
1	3000
1	9000
1	2000
1	3000
1	2000
1	8000
1	2000
1	13000
1	7000
1	2000
1	3000
1	3000
1	4000
1	2000
1	2000
1	9000
1	8000
1	4000
1	3000
1	2000
1	3000
1	1000
1	2000
1	3000
1	12000
1	1000
1	2000
1	2000
1	2000
1	3000
1	2000
1	3000
1	4000
1	2000
1	2000
1	2000
1	2000
1	4000
1	2000
1	5000
1	2000
1	5000
1	7000
1	4000
1	1000
1	3000
1	9000
1	6000
1	2197
1	4000
1	2000
1	2000
1	3000
1	5000
1	3000
1	2000
1	3000
1	3000
1	1000
1	6000
1	7000
1	5000
1	3000
1	3000
1	10000
1	4000
1	3000
1	4000
1	2000
1	6000
1	2000
1	8000
1	4000
1	3000
1	3000
1	2000
1	2000
1	3000
1	3000
1	8000
1	3000
1	2000
1	2000
1	1000
1	2000
1	6000
1	8000
1	3000
1	3000
1	5000
1	10000
1	3000
1	3000
1	2000
1	3000
1	2000
1	3000
1	4000
1	1000
1	1000
1	2000
1	3000
1	2000
1	2000
1	2000
1	4000
1	11000
1	7000
1	5000
1	7000
1	5000
1	3000
1	3000
1	4000
1	2000
1	6000
1	2000
1	2000
1	3000
1	3000
1	6000
1	4000
1	2000
1	4000
1	2000
1	3000
7	3000
7	2000
7	7000
7	6000
7	6000
7	99000
7	5000
7	6000
7	3000
7	4000
7	4000
7	3000
7	4000
7	5000
7	5000
7	6000
7	5000
7	6000
7	6000
7	2000
7	6000
7	3000
7	6000
7	2000
7	4000
7	1000
7	4000
7	2000
7	2000
7	3000
7	50000
7	2000
7	6000
7	3000
7	2000
7	6000
7	3000
7	3000
7	2000
7	2000
7	1000
7	4000
7	6000
7	3000
7	3000
7	3000
7	2000
7	4000
7	5000
7	3000
7	2000
7	5000
7	3000
7	2000
7	2000
7	3000
7	4000
7	1000
7	2000
7	4000
7	5000
7	2000
7	4000
7	2000
7	2000
7	4000
7	3000
7	6000
7	4000
7	6000
7	3000
7	5000
7	3000
7	2000
7	5000
7	2000
7	4000
7	3000
7	5000
7	7000
7	2000
7	3000
7	3000
7	6000
7	121000
7	2000
7	4000
7	7000
7	3000
7	5000
7	5000
7	5000
7	5000
7	41000
7	8000
7	2000
7	19000
7	6000
7	79000
7	3000
7	4000
7	4000
7	5000
7	6000
7	3000
7	4000
7	3000
7	2000
7	6000
7	2000
7	8000
7	11000
7	3000
7	2000
7	6000
7	7000
7	6000
7	2000
7	2000
7	3000
7	3000
7	5000
7	5000
7	2000
7	3000
7	4000
7	6000
7	2000
7	4000
7	2000
7	9000
7	12000
7	15000
7	2000
7	2000
7	4000
7	4000
7	5000
7	3000
7	2000
7	2000
7	3000
7	4000
7	6000
7	6000
7	3000
7	6000
7	4000
7	4000
7	1000
7	3000
7	6000
7	2000
7	6000
7	7000
7	2000
7	4000
7	6000
7	3000
7	5000
7	2000
7	3000
7	35000
7	43000
7	4000
7	2000
7	151000
7	10000
7	10000
4	2000
4	3000
4	3000
4	5000
4	2000
4	2000
4	2000
4	3000
4	2000
4	2000
4	2000
4	4000
4	5000
4	2000
4	2000
4	2000
4	2000
4	2000
4	2000
4	3000
4	2000
4	2000
4	2000
4	4000
4	2000
4	2000
4	6000
4	6000
4	3000
4	2000
4	2000
4	2000
4	2000
4	4000
4	28000
4	2000
4	11000
4	11000
4	2000
4	3000
4	2000
4	2000
4	7000
4	2000
4	2000
4	4000
4	2000
4	6000
