label	length
11	2000
11	3000
11	4000
11	3000
11	4000
11	2000
11	2000
11	2000
11	4000
11	2000
11	4000
11	2000
11	3000
11	4000
11	2000
11	2000
11	2000
11	2000
11	3000
11	2000
11	2000
11	2000
11	3000
11	2000
11	2000
11	2000
11	2000
11	2000
11	3000
11	2000
11	3000
11	2000
11	5000
11	4000
11	2000
11	6000
11	2000
11	3000
11	4000
11	5000
11	2000
11	2000
11	3000
11	2000
11	9000
11	2000
11	2000
11	3000
11	2000
11	2000
11	2000
11	4000
11	3000
11	2000
11	2000
11	2000
11	3000
11	3000
11	2000
11	2000
11	2000
11	2000
11	2000
11	2000
11	2000
11	5000
11	2000
11	3000
11	2000
11	2000
11	2000
11	2000
11	2000
11	3000
11	3000
11	2000
11	2000
11	2000
11	3000
11	3000
11	3000
11	4000
11	2000
11	6000
11	2000
11	2000
11	2000
11	2000
11	4000
11	6000
11	3000
11	2000
11	2000
11	2000
11	2000
11	2000
11	2000
11	3000
11	2000
7	3000
7	2000
7	5000
7	6000
7	2000
7	2000
7	4000
7	4000
7	15000
7	2000
7	5000
7	2000
7	3000
7	2000
7	5000
7	2000
7	2000
7	2000
7	4000
7	11000
7	2000
7	5000
7	2000
7	2000
7	6000
7	5000
7	4000
7	2000
7	2000
7	2000
7	6000
7	2000
7	3000
7	2000
7	6000
7	2000
7	2000
7	2000
7	4000
7	9000
7	8000
7	2000
7	3000
7	2000
7	4000
7	2000
7	8000
7	12000
7	3000
7	2000
7	7000
7	4000
7	8000
7	2000
7	2000
7	2000
7	5000
7	3000
7	2000
7	3000
7	4000
7	16000
7	2000
7	2000
7	3000
7	6000
7	11000
7	2000
7	2000
7	6000
7	4000
7	9000
7	3000
7	2000
7	3000
7	2000
7	2000
7	3000
7	6000
7	9000
7	2000
7	2000
7	7000
7	5000
7	2000
7	2000
7	2000
7	4000
7	2000
7	39000
7	4000
7	3000
7	6000
7	2000
7	8000
7	2000
7	2000
7	2000
7	4000
7	3000
7	2000
7	2000
7	14000
7	2000
7	4000
7	5000
7	4000
7	2000
7	3000
7	2000
7	2000
7	2000
7	2000
7	2000
7	9000
7	3000
7	2000
7	2000
7	8000
7	16000
7	5000
7	7000
7	6000
7	2000
7	4000
7	6000
7	4000
7	7000
7	5000
7	3000
7	2000
7	2000
7	4000
7	8000
7	2000
7	4000
7	2000
7	2000
7	1000
7	11000
7	3000
7	2000
7	2000
7	4000
7	3000
7	3000
7	6000
7	12000
7	4000
7	6000
7	6000
7	2000
7	6000
7	5000
7	4000
7	2000
7	3000
7	2000
7	2000
7	2000
7	3000
7	2000
7	5000
7	5000
7	5000
7	4000
7	2000
7	5000
7	2000
7	3000
7	2000
7	2000
7	3000
7	16000
7	2000
7	6000
7	9000
7	8000
7	14000
7	4000
7	4000
7	7000
7	8000
7	2000
7	11000
7	3000
7	2000
7	7000
7	2000
7	3000
7	2000
7	1000
7	2000
7	2000
7	5000
7	2000
7	5000
7	4000
7	4000
7	2000
7	4000
7	2000
7	4000
7	2000
7	3000
7	6000
7	2000
7	2000
7	3000
7	2000
7	2000
7	2000
7	12000
7	6000
7	13000
7	13000
7	4000
7	8000
7	2000
12	2000
12	3000
12	2000
12	2000
12	2000
12	3000
12	3000
12	3000
12	2000
12	3000
12	2000
12	2000
12	2000
12	2000
12	2000
12	3000
12	2000
12	2000
12	2000
12	2000
12	8000
12	2000
12	4000
12	3000
12	2000
12	2000
12	2000
12	2000
12	2000
12	2000
12	3000
12	2000
12	2000
12	3000
12	3000
12	2000
12	2000
12	2000
12	2000
12	2000
12	2000
12	6000
12	4000
12	5000
12	2000
12	3000
12	2000
12	2000
12	2000
12	2000
12	2000
12	2000
12	2000
12	2000
12	2000
12	2000
12	2000
12	4000
12	3000
12	2000
12	2000
12	2000
12	2000
12	2000
12	5000
12	2000
12	2000
12	2000
12	2000
12	2000
12	2000
12	2000
12	2000
12	3000
12	2000
12	2000
12	2000
12	3000
12	2000
12	2000
12	3000
12	2000
12	2000
12	2000
12	3000
12	2000
12	2000
12	2000
12	3000
12	3000
12	3000
12	2000
12	2000
12	2000
12	2000
12	2000
12	2000
12	3000
12	2000
12	2000
12	4000
12	2000
12	2000
12	3000
12	4000
12	2000
12	3000
12	2000
12	2000
12	2000
12	2000
12	2000
12	2000
12	2000
12	2000
12	2000
12	3000
12	2000
12	2000
12	2000
12	4000
12	2000
12	2000
12	3000
12	3000
12	2000
12	2000
12	2000
12	2000
12	2000
12	3000
12	2000
12	2000
12	2000
12	2000
12	2000
12	3000
12	2000
12	2000
12	2000
12	2000
12	2000
12	2000
12	2000
12	4000
12	2000
12	2000
12	2000
12	3000
12	2000
12	2000
12	3000
12	3000
12	6000
12	2000
12	3000
12	2000
12	2000
12	2000
12	2000
12	2000
12	2000
12	2000
12	2000
12	2000
12	2000
12	2000
12	2000
12	2000
12	3000
12	2000
12	2000
12	2000
12	3000
12	4000
12	5000
12	2000
12	2000
12	2000
12	2000
12	2000
12	2000
12	2000
12	2000
12	2000
12	2000
12	2000
12	4000
12	2000
12	3000
12	2000
12	2000
12	5000
12	2000
12	2000
12	2000
12	2000
12	2000
12	3000
12	3000
12	2000
12	2000
12	2000
12	2000
12	2000
12	2000
12	3000
12	2000
12	3000
12	2000
12	2000
12	2000
12	2000
12	2000
12	2000
12	2000
12	2000
12	2000
12	2000
12	4000
12	2000
12	2000
12	2000
12	5000
12	4000
12	2000
12	2000
12	3000
12	2000
12	2000
12	2000
12	3000
12	2000
12	3000
12	2000
12	2000
12	2000
12	3000
12	3000
12	2000
12	2000
12	3000
12	2000
12	2000
12	2000
12	4000
12	2000
12	2000
12	2000
12	4000
12	2000
12	2000
12	2000
12	3000
12	3000
12	2000
12	2000
12	2000
12	5000
12	3000
12	2000
12	2000
12	2000
12	2000
12	2000
12	2000
12	4000
12	2000
12	3000
12	2000
12	2000
12	2000
12	2000
12	4000
12	2000
12	2000
12	3000
12	2000
12	3000
12	2000
12	2000
12	2000
12	2000
12	3000
12	2000
12	2000
12	2000
12	2000
12	2000
12	2000
12	2000
12	2000
12	5000
12	2000
12	3000
12	1590
0	3000
0	2000
0	2000
0	2000
0	3000
0	3000
0	2000
0	2000
0	3000
0	2000
0	2000
0	4000
0	3000
0	2000
0	4000
0	3000
0	3000
0	2000
0	2000
0	2000
0	2000
0	4000
0	3000
0	2000
0	3000
0	2000
0	3000
0	2000
0	3000
0	4000
0	3000
0	3000
0	2000
0	4000
0	3000
0	2000
0	2000
0	2000
0	3000
0	2000
0	2000
0	2000
0	3000
0	5000
0	4000
0	2000
0	7000
0	3000
0	8000
0	3000
0	3000
0	2000
0	2000
0	2000
0	3000
0	3000
0	2000
0	2000
0	3000
0	4000
0	2000
0	2000
0	4000
0	2000
0	3000
0	4000
0	3000
0	3000
0	2000
0	2000
0	3000
0	5000
0	2000
0	6000
0	7000
0	2000
0	3000
0	2000
0	2000
0	3000
0	2000
0	2000
0	2000
0	3000
0	5000
0	3000
0	2000
0	2000
0	4000
0	3000
0	3000
0	14000
0	2000
0	2000
0	2000
0	4000
0	8000
0	3000
0	2000
0	4000
0	2000
0	3000
8	17000
8	3000
8	6000
8	14000
8	12000
8	19000
8	2000
8	23000
8	4000
8	2000
8	3000
8	3000
8	3000
8	3000
8	7000
8	10000
8	5000
8	2000
8	3000
8	11000
8	9000
8	2000
8	6000
8	1000
8	4000
8	3000
8	5000
8	7000
8	7000
8	2000
8	8000
8	5000
8	26000
8	5000
8	8000
8	34000
8	7000
8	7000
8	2000
8	8000
8	3000
8	5000
8	7000
8	4000
8	3000
8	3000
8	7000
8	2000
8	29000
8	12000
8	41000
8	3000
8	13000
8	19000
8	15000
8	4000
8	29000
8	18000
8	2000
8	9000
8	4000
8	2000
8	2000
8	1000
8	51000
8	3000
8	10000
8	25000
8	3000
8	2000
8	22000
8	3000
8	3000
8	4000
8	8000
8	8000
8	6000
8	3000
8	3000
8	8000
8	11000
8	5000
8	22000
8	15000
8	5000
8	3000
8	2000
8	3000
8	9000
8	4000
8	18000
8	2000
8	12000
8	23000
8	2000
8	8000
8	6000
8	2000
8	9000
8	3000
8	4000
8	2000
8	21000
8	8000
8	3000
8	2000
8	2000
8	5000
8	5000
8	6000
8	7000
8	4000
8	3000
8	7000
8	2000
8	4000
8	7000
8	10000
8	4000
8	11000
8	4000
8	5000
8	24000
8	15000
8	63000
8	2000
8	20000
8	13000
8	9000
8	11000
8	7000
8	2000
8	2000
8	12000
8	3000
8	1000
8	7000
8	7000
8	2000
8	5000
8	19000
8	12000
8	3000
8	1000
8	3000
8	2000
8	52000
8	24000
8	3000
8	15000
8	36000
8	27000
8	4000
8	7000
8	5000
8	4000
8	2000
8	2000
8	5000
8	2000
8	5000
8	15000
8	5000
8	4000
8	10000
8	23000
8	5000
8	4000
8	15000
8	21000
8	6000
8	3000
8	8000
8	25000
8	6000
8	7000
8	5000
8	2000
8	4000
8	2000
8	7000
8	5000
8	2000
8	3000
8	2000
8	2000
8	5000
8	3000
8	2000
8	4000
8	7000
8	2000
8	2000
8	3000
8	21000
8	10000
8	2000
8	3000
8	2000
8	2000
8	2000
8	2000
8	2000
8	2000
8	2000
8	2000
8	4000
8	4000
8	2000
8	4000
8	2000
8	4000
8	12000
8	2000
8	11000
8	2000
8	20000
8	2000
8	3000
8	2000
8	4000
8	22000
8	28000
8	6000
8	18000
8	13000
8	4000
8	4000
8	18000
8	7000
8	6000
8	9000
8	2000
8	5000
8	5000
8	2000
8	10000
8	18000
8	6000
8	2000
8	3000
8	3000
8	8000
8	9000
8	9000
8	5000
8	4000
8	2000
8	4000
8	2000
8	3000
8	8000
8	2000
8	8000
8	6000
8	2000
8	2000
8	8000
8	3000
8	2000
8	9000
8	3000
8	2000
14	2000
14	2000
14	2000
14	3000
14	3000
14	2000
14	2000
14	4000
14	2000
14	2000
14	2000
14	2000
14	2000
14	3000
14	2000
14	2000
14	2000
14	2000
14	3000
14	2000
14	2000
14	2000
14	2000
14	2000
14	3000
14	2000
14	5000
14	6000
14	2000
14	2000
14	4000
14	3000
14	3000
14	2000
14	3000
14	2000
14	2000
14	2000
14	2000
14	5000
14	3000
14	2000
14	2000
14	6000
14	2000
14	2000
14	5000
14	2000
14	2000
14	3000
14	3000
14	4000
14	2000
14	2000
14	2000
14	7000
14	7000
14	4000
14	7000
14	4000
14	2000
14	3000
14	6000
14	2000
14	2000
14	2000
14	5000
14	3000
14	2000
14	2000
14	2000
14	2000
14	3000
14	2000
14	3000
14	3000
14	7000
14	4000
14	3000
14	3000
14	3000
14	2000
14	3000
14	2000
14	7000
14	2000
14	3000
14	4000
14	3000
14	7000
14	2000
14	3000
14	5000
14	2000
14	4000
14	2000
14	2000
14	2000
14	2000
14	2000
14	8000
14	2000
14	2000
14	2000
14	2000
14	2000
14	7000
14	4000
14	2000
14	3000
14	2000
14	2000
14	2000
14	2000
14	2000
14	2000
14	2000
14	3000
5	2000
5	2000
5	3000
5	2000
5	9000
5	2000
5	5000
5	6000
5	2000
5	3000
5	2000
5	3000
5	2000
5	2000
5	2000
5	5000
5	3000
5	2000
5	9000
5	2000
5	2000
5	2000
5	2000
5	3000
5	2000
5	4000
5	3000
5	4000
5	2000
5	3000
5	3000
5	2000
5	4000
5	2000
5	2000
5	2000
5	8000
5	3000
5	2000
5	3000
5	2000
5	3000
5	2000
5	2000
5	2000
5	4000
5	2000
5	3000
5	2000
5	2000
5	9000
5	2000
5	4000
5	2000
5	2000
5	1000
5	3000
5	2000
5	2000
5	7000
5	2000
5	3000
5	2000
5	3000
5	4000
5	3000
5	2000
5	3000
5	2000
5	2000
5	6000
5	2000
5	3000
5	2000
5	2000
5	2000
5	2000
5	2000
5	2000
5	3000
5	2000
5	2000
5	4000
5	3000
5	2000
5	2000
5	8000
5	2000
5	5000
5	3000
5	2000
5	4000
5	3000
5	3000
5	4000
5	5000
5	6000
5	2000
5	2000
5	2000
5	3000
5	6000
5	2000
5	2000
5	2000
5	3000
5	3000
5	2000
5	3000
5	2000
5	2000
5	3000
5	2000
5	4000
5	2000
5	5000
5	5000
5	2000
5	2000
5	3000
5	3000
5	3000
5	2000
5	4000
5	2000
5	2000
5	3000
5	2000
5	2000
5	4000
5	3000
5	6000
5	2000
5	5000
5	2000
5	2000
5	2000
5	2000
5	3000
5	5000
5	3000
5	2000
5	2000
5	2000
5	2000
5	3000
5	4000
5	2000
5	2000
5	2000
5	2000
5	2000
5	2000
5	2000
5	2000
5	3000
5	2000
5	2000
5	5000
5	3000
5	2000
5	2000
5	3000
5	2000
5	3000
5	8000
5	2000
5	2000
5	2000
5	7000
5	4000
5	2000
5	2000
5	3000
5	3000
5	2000
5	2000
5	2000
5	3000
5	1000
5	3000
5	2000
5	2000
5	4000
5	3000
5	2000
5	2000
5	2000
5	3000
5	3000
5	2000
5	4000
5	3000
5	2000
5	2000
5	2000
5	2000
5	2000
5	3000
5	2000
5	2000
5	4000
5	3000
5	2000
5	2000
5	5000
5	2000
5	2000
5	2000
5	2000
5	4000
5	5000
5	6000
5	3000
5	2000
5	2000
5	2000
5	2000
5	2000
5	2000
5	3000
5	3000
5	2000
5	2000
5	3000
5	2002
5	2000
5	3000
5	2000
5	3000
5	2000
5	2000
5	2000
5	5000
5	3000
5	3000
5	2000
5	2000
5	2000
5	3000
5	5000
5	1000
5	2000
5	3000
5	4000
5	4000
5	3000
5	1000
5	2000
5	3000
5	2000
5	1000
5	3000
5	2000
5	2000
5	4000
5	3000
5	2000
5	3000
5	4000
5	5000
5	2000
5	2000
5	5000
5	3000
5	2000
5	4000
5	4000
5	2000
5	2000
5	2000
5	3000
5	1000
5	6000
5	2000
5	3000
5	2000
5	3000
5	3000
5	6000
5	2000
5	2000
5	3000
5	2000
5	2000
5	2000
5	2000
5	2000
5	2000
5	4000
5	2000
5	2000
5	1000
5	2000
5	3000
5	2000
5	2000
5	2000
5	3000
5	3000
5	2000
5	3000
5	2000
5	2000
5	2000
5	3000
5	2000
5	2000
5	3000
5	2000
5	2000
5	3000
5	3000
5	2000
5	2000
5	2000
5	2000
5	2000
5	2000
5	2000
5	6000
5	2000
5	2000
5	2000
5	2000
5	5000
5	7000
5	2000
5	2000
5	2000
5	3000
5	2000
5	5000
5	4000
5	4000
5	2000
5	1000
5	3000
5	3000
5	2000
5	3000
5	6000
5	2000
5	2000
5	2000
5	2000
5	2000
5	2000
5	2000
5	2000
5	3000
5	2000
5	2000
5	2000
5	2000
5	2000
5	5000
5	2000
5	2000
5	3000
5	4000
5	2000
5	2000
5	2000
5	2000
5	4000
5	3000
5	7000
5	6000
5	4000
5	2000
5	2000
5	4000
5	2000
5	2000
5	2000
5	2000
5	3000
5	6000
5	2000
5	2000
5	2000
5	2000
5	2000
5	2000
5	5000
5	3000
5	2000
5	4000
5	4000
5	2000
5	2000
5	2000
5	3000
5	3000
5	2000
5	2000
5	2000
5	5000
5	3000
5	2000
5	5000
5	2000
5	2000
5	2000
5	2000
5	4000
5	2000
5	3000
5	2000
5	3000
5	2000
5	2000
5	2000
5	2000
5	2000
5	2000
5	2000
5	5000
5	4000
5	2000
5	2000
5	2000
5	2000
5	2000
5	2000
5	2000
5	2000
5	7000
5	2000
5	2000
5	3000
5	2000
5	3000
5	2000
5	4000
5	3000
5	2000
5	2000
5	2000
5	5000
5	2000
5	2000
5	3000
5	2000
5	6000
5	2000
5	5000
5	2000
5	1000
5	6000
5	3000
5	2000
5	5000
5	2000
5	4000
5	2000
5	7000
5	6000
5	3000
5	2000
5	2000
5	2000
5	2000
5	2000
5	1000
5	3000
5	3000
5	2000
5	2000
5	3000
5	2000
5	2000
5	2000
5	2000
5	2000
5	2000
5	2000
5	2000
5	2000
5	2000
5	5000
5	4000
5	2000
5	2000
5	4000
5	2000
5	2000
5	2000
5	2000
5	2000
5	3000
5	2000
5	6000
5	3000
5	2000
5	3000
5	2000
5	2000
5	3000
5	2000
5	3000
5	2000
5	2000
5	4000
5	2000
5	3000
5	2000
5	3000
5	2000
5	2000
5	2000
5	2000
5	2000
5	2000
5	2000
5	2000
5	3000
5	3000
5	7000
5	2000
5	1000
5	2000
5	3000
5	5000
5	4000
5	2000
5	2000
5	3000
5	4000
5	2000
5	1000
5	2000
5	3000
5	2000
5	3000
5	2000
5	2000
5	2000
5	2000
5	3000
5	2000
5	2000
5	5000
5	4000
5	4000
5	3000
5	2000
5	3000
5	2000
5	2000
5	2000
5	2000
5	2000
5	5000
5	2000
5	2000
5	2000
13	2000
13	2000
13	3000
13	5000
13	6000
13	1000
13	3000
13	6000
13	3000
13	4000
13	3000
13	2000
13	2000
13	3000
13	3000
13	2000
13	2000
13	3000
13	2000
13	4000
13	2000
13	2000
13	3000
13	6000
13	5000
13	4000
13	2000
13	12000
13	2000
13	5000
13	18000
13	5000
13	2000
13	1000
13	3000
13	2000
13	2000
13	2000
13	2000
13	2000
13	2000
13	1000
13	2000
13	3000
13	3000
13	3000
13	2000
13	3000
13	3000
13	2000
13	4000
13	4000
13	2000
13	3000
13	1000
13	2000
13	4000
13	3000
13	3000
13	4000
13	1000
13	2000
13	3000
13	2000
13	1000
13	7000
13	1000
13	2000
13	2000
13	3000
13	2000
13	10000
13	3000
13	3000
13	3000
13	1000
13	1000
13	1000
13	5000
13	1000
13	2000
13	2000
13	2000
13	3000
13	3000
13	3000
13	3000
13	2000
13	8000
13	4000
13	4000
13	3000
13	4000
13	2000
13	3000
13	2000
13	1000
13	1000
13	2000
13	1000
13	1000
13	2000
13	1000
13	2000
13	5000
13	4000
13	13000
13	13000
13	7000
13	4000
13	5000
13	4000
13	6000
13	3000
13	1000
13	2000
13	2000
13	10000
13	7000
13	2000
13	10000
13	1000
13	4000
13	3000
13	4000
13	3000
13	6000
13	2000
13	2000
13	2000
13	1000
13	2000
13	2000
13	2000
13	2000
13	3000
13	4000
13	3000
13	3000
13	4000
13	1000
13	1000
13	5000
13	6000
13	2000
13	4000
13	3000
13	2000
13	3000
13	4000
13	3000
13	3000
13	4000
13	4000
13	3000
13	2000
13	2000
13	7000
13	2000
13	4000
13	10000
13	4000
13	5000
13	6000
13	2000
13	1000
13	1000
13	7000
13	4000
13	2000
13	2000
13	3000
13	3000
13	2000
13	2000
13	5000
13	3000
13	2000
13	1000
13	2000
13	9000
13	2000
13	1000
13	4000
13	2000
13	3000
13	5000
13	3000
13	3000
13	3000
13	4000
13	2000
13	1000
13	3000
13	7000
13	6000
13	3000
13	2000
13	4000
13	2000
13	2000
13	2000
13	2000
13	4000
13	4000
13	3000
13	12000
13	8000
13	3000
13	4000
13	3000
13	9000
13	3000
13	3000
13	1000
13	4000
13	3000
13	2000
13	2000
13	3000
13	8000
13	3000
13	4000
13	6000
13	2000
13	2000
13	4000
13	14000
13	2000
13	2000
13	6000
13	1000
13	2000
13	2000
13	3000
13	2000
13	3000
13	4000
13	4000
13	4000
13	4000
13	3000
13	2000
13	3000
13	1000
13	1000
13	6000
13	1000
13	2000
13	3000
13	4000
13	1000
13	2000
13	3000
13	3000
13	3000
13	1000
13	3000
13	2000
13	2000
13	2000
13	3000
13	3000
13	1000
13	1000
13	2000
13	2000
13	2000
13	2000
13	17000
13	2000
13	2000
13	2000
13	8000
13	2000
13	2000
13	2000
13	3000
13	3000
13	2000
13	4000
13	3000
13	3000
13	4000
13	2000
13	2000
13	2000
13	8000
13	4000
13	3000
13	1000
13	1000
13	17000
13	9000
13	1000
13	2000
13	1000
13	8000
13	2000
13	6000
13	2000
13	2000
13	2000
13	5000
13	2000
13	3000
13	1000
13	2000
13	6000
13	10000
13	2000
13	6000
13	4000
13	17000
13	6000
13	3000
13	10000
13	3000
13	4000
13	1000
13	3000
13	6000
13	3000
13	4000
13	4000
13	3000
13	4000
13	9000
13	4000
13	6000
13	6000
13	4000
13	8000
13	2000
13	2000
13	3000
13	2000
13	4000
13	1000
13	4000
13	2000
13	7000
13	7000
13	5000
13	4000
13	3000
13	2000
13	10000
13	7000
13	2000
13	5000
13	4000
13	3000
13	17000
13	5000
13	2000
13	7000
13	2000
13	6000
13	2000
13	2000
13	2000
13	6000
13	3000
13	13000
13	2000
13	2000
13	7000
13	11000
13	7000
13	2000
13	4000
13	11000
13	15000
13	2000
13	9000
13	25000
13	6000
13	9000
13	8000
13	3000
13	2000
13	7000
13	3000
13	2000
13	4000
13	3000
13	4000
13	6000
13	1000
13	2000
13	2000
13	2000
13	2000
13	5000
13	3000
13	5000
13	13000
13	3000
13	9000
13	7000
13	3000
13	3000
13	8000
13	9000
13	4000
13	4000
13	10000
13	13000
13	5000
13	4000
13	8000
13	7000
13	4000
13	9000
13	7000
13	5000
13	4000
13	3000
13	3000
13	15000
13	4000
13	8000
13	4000
13	3000
13	28000
13	5000
13	15000
13	5000
13	55000
13	23000
13	6000
13	19000
13	4000
13	33000
13	2000
13	3000
13	8000
13	21000
13	5000
13	52000
13	7000
13	13000
13	13000
13	10000
13	34000
13	13000
13	16000
13	15000
13	6000
13	20000
13	11000
13	36000
13	2000
13	3000
13	3000
13	5000
13	3000
13	2000
13	9000
13	6000
13	4000
13	2000
13	3000
13	4000
13	3000
13	3000
13	2000
13	3000
13	3000
13	3000
13	1000
13	7000
13	2000
13	1000
13	3000
13	4000
13	2000
13	7000
13	1000
13	1000
13	5000
13	2000
13	2000
13	4000
13	7000
13	3000
13	2000
13	3000
13	4000
13	1000
13	2000
13	2000
13	5000
4	5000
4	7000
4	4000
4	2000
4	2000
4	2000
4	8000
4	7000
4	5000
4	2000
4	4000
4	3000
4	5000
4	4000
4	3000
4	2000
4	2000
4	5000
4	9000
4	5000
4	4000
4	3000
4	2000
4	3000
4	6000
4	5000
4	4000
4	5000
4	3000
4	4000
4	2000
4	2000
4	2000
4	2000
4	2000
4	3000
4	7000
4	20000
4	6000
4	5000
4	2000
4	7000
4	2000
4	5000
4	4000
4	2000
4	2000
4	10000
4	3000
4	1000
4	3000
4	2000
4	2000
4	14000
4	3000
4	2000
4	16000
4	21000
4	5000
4	2000
4	14000
4	2000
4	2000
4	4000
4	2000
4	2000
4	23000
4	2000
4	4000
4	2000
4	2000
4	3000
4	3000
4	7000
4	2000
4	8000
4	4000
4	2000
4	2000
4	2000
4	2000
4	2000
4	2000
4	3000
4	6000
4	6000
4	2000
4	4000
4	4000
4	3000
4	2000
4	2000
4	3000
4	2000
4	4000
4	3000
4	2000
4	2000
4	7000
4	5000
4	2000
4	5000
4	2000
4	4000
4	4000
4	2000
4	4000
4	7000
4	5000
4	3000
4	2000
4	5000
4	4000
4	2000
4	2000
4	5000
4	8000
4	2000
4	7000
4	2000
4	3000
4	5000
4	2000
4	4000
4	4000
4	2000
4	2000
4	2000
10	2000
10	19000
10	2000
10	2000
10	2000
10	2000
10	2000
10	4000
10	4000
10	13000
10	2000
10	2000
10	5000
10	3000
10	4000
10	3000
10	2000
10	2000
10	6000
10	6000
10	2000
10	2000
10	2000
10	3000
10	3000
10	11000
10	5000
10	3000
10	13000
10	2000
10	6000
10	2000
10	1000
10	2000
10	5000
10	3000
10	1000
10	4000
10	4000
10	4000
10	4000
10	1000
10	13000
10	6000
10	2000
10	8000
10	3000
10	2000
10	8000
10	14000
10	2000
10	9000
10	10000
10	3000
10	2000
10	1000
10	5000
10	4000
10	13000
10	11000
10	9000
10	14000
10	2000
10	5000
10	3000
10	4000
10	11000
10	10000
10	3000
10	1000
10	3000
10	2000
10	8000
10	4000
10	3000
10	3000
10	13000
10	2000
10	2000
10	10000
10	5000
10	3000
10	3000
10	5000
10	2000
10	1048
10	5000
10	3000
10	4000
10	12000
10	4000
10	2000
10	3000
10	7000
10	4000
10	11000
10	1000
10	5000
10	4000
10	11000
10	6000
10	3000
10	4000
10	4000
10	8000
10	3000
10	5000
10	7000
10	7000
10	6000
10	4000
10	5000
10	8000
10	9000
10	4000
10	7000
10	1000
10	2000
10	3000
10	4000
10	2000
10	6000
10	7000
10	3000
10	10000
10	5000
10	6000
10	6000
10	4000
10	9000
10	2000
10	5000
10	19000
10	10000
10	2000
10	2000
10	10000
10	2000
10	4000
10	1000
10	11000
10	4000
10	2000
10	3000
10	7000
10	3000
10	2000
10	3000
10	6000
10	2000
10	5000
10	5000
10	12000
10	2000
10	4000
10	2000
10	3000
10	5000
10	5000
10	6000
10	6000
10	3000
10	4000
10	11000
10	2000
10	5000
10	4000
10	12000
10	5000
10	3000
10	4000
10	4000
10	6000
10	4000
10	5000
10	17592
10	2000
10	3000
10	4000
10	2000
10	2000
10	4000
10	3000
10	3000
10	3000
10	4000
10	4000
10	2000
10	8000
10	3000
10	2000
10	6000
10	1000
10	4000
10	2000
10	2000
10	2000
10	15000
10	3000
10	1000
10	6000
10	4000
10	7000
10	3000
10	4000
10	2000
10	5000
10	1000
10	2000
10	4000
10	2000
10	9000
10	3000
10	5000
10	4000
10	4000
10	6000
10	2000
10	6000
10	2000
10	6000
10	3000
10	3000
10	2000
10	2000
10	1000
10	5000
10	3000
10	4000
10	4000
10	5000
10	3000
10	6000
10	2000
10	2000
10	3000
10	5000
10	2000
10	10000
10	4000
10	2000
10	3000
10	2000
10	4000
10	4000
10	4000
10	4000
10	3000
10	2000
10	6000
10	3000
10	2000
10	2000
10	2000
10	2000
10	6000
10	2000
10	6000
10	4000
10	6000
10	3000
10	4000
10	2000
10	7000
10	5000
10	8000
10	2000
10	3000
10	3000
10	2000
10	2000
10	2000
10	2000
10	6000
10	4000
10	5000
10	2000
10	2000
10	10000
10	2000
10	1000
10	3000
10	2000
10	2000
10	3000
10	1000
10	7000
10	1000
10	3000
10	4000
10	2000
10	2000
10	10000
10	3000
10	2000
10	2000
10	13000
10	5000
10	3000
10	17000
10	2000
10	4000
10	3000
10	5000
10	6000
10	2000
10	4000
10	11000
10	9000
10	3000
10	5000
10	10000
10	2000
10	3000
10	7000
10	4000
10	4000
10	4000
10	3000
10	2000
10	3000
10	8000
10	2000
10	3000
10	6000
10	3000
10	8000
10	7000
10	4000
10	8000
10	2000
10	2000
10	4000
10	10000
10	4000
10	6000
10	7000
10	1000
10	3000
10	3000
10	1000
10	7000
10	2000
10	6000
10	4000
10	2000
10	3000
10	2000
10	3000
10	2000
10	3000
10	3000
10	10000
10	4000
10	2000
10	4000
10	3000
10	4000
10	2000
10	1000
10	3000
10	11000
10	3000
10	4000
10	2000
10	3000
10	5000
10	3000
10	3000
10	2000
10	1000
10	6000
10	3000
10	4000
10	8000
10	2000
10	3000
10	4000
10	2000
10	1000
10	2000
10	3000
10	2000
10	6000
10	2000
10	14000
10	13000
10	2000
10	2000
10	2000
10	3000
10	2000
10	3000
10	3000
10	5000
10	3000
10	2000
10	2000
10	3000
10	3000
10	2000
10	3000
10	2000
10	4000
10	6000
10	3000
10	2000
10	2000
10	3000
10	7000
10	14000
10	3000
10	3000
10	13000
10	9000
10	7000
10	10000
10	15000
10	2000
10	4000
10	3000
10	2000
10	5000
10	2000
10	11000
10	6000
10	10000
10	1000
10	2000
10	2000
10	4000
10	1000
10	6000
10	2000
10	6000
10	1000
10	5000
10	13000
10	16000
10	5000
10	9000
10	9000
10	4000
10	2000
10	7000
10	10000
10	3000
10	5000
10	4000
10	9000
10	5000
10	9000
10	5000
10	1000
10	2000
10	3000
10	1000
10	8000
10	2000
10	4000
10	3000
10	2000
10	2000
10	3000
10	6000
10	8000
10	8000
10	3000
10	3000
10	3000
10	2000
10	5000
10	9000
10	7000
10	3000
10	2000
10	9000
10	3000
10	4000
10	2000
10	3000
10	2000
10	11000
10	5000
10	3000
10	4000
10	3000
10	5000
10	6000
10	2000
10	2000
10	2000
10	3000
10	3000
10	8000
10	2000
10	3000
10	4000
10	7000
10	6000
10	5000
10	4000
10	3000
10	4000
10	2000
10	6000
10	2000
10	2000
10	5000
10	2000
10	11000
10	1000
10	4000
10	8000
10	4000
10	3000
10	1000
10	2000
10	3000
10	7000
10	2000
10	12000
10	3000
10	4000
10	3000
10	2000
10	2000
10	2000
10	7000
10	7000
10	5000
10	4000
10	5000
10	7000
10	3000
10	2000
10	3000
10	3000
10	6000
10	4000
10	2000
10	7000
10	3000
10	3000
10	7000
10	8000
10	15000
10	4000
10	3000
10	3000
10	2000
10	3000
10	19000
10	14000
10	3000
10	22000
10	4000
10	3000
10	5000
10	3000
10	5000
10	2000
10	2000
10	2000
10	3000
10	2000
10	3000
10	2000
10	2000
10	2000
10	4000
10	5000
10	4000
10	4000
10	2000
10	4000
10	3000
10	7000
10	3000
10	7000
10	6000
10	2000
10	5000
10	5000
10	6000
10	2000
10	2000
10	5000
10	3000
10	3000
10	8000
10	2000
10	2000
10	4000
10	3000
10	3000
10	4000
10	3000
10	4000
10	11000
10	2000
10	2000
10	3000
10	10000
10	3000
10	5000
10	3000
10	3000
10	3000
10	14000
10	9000
10	16000
10	3000
10	3000
10	15000
10	10000
10	4000
10	3000
10	10000
10	6000
10	6000
10	4000
10	13000
10	4000
10	3000
10	3000
10	10000
10	2000
10	2000
10	4000
10	4000
10	3000
10	13000
10	10000
10	8000
10	6000
10	7000
10	2000
10	19000
10	3000
10	2000
10	3000
10	4000
10	3000
10	4000
10	3000
10	5000
10	4000
10	4000
10	2000
10	3000
10	3000
10	3000
10	6000
10	5000
10	2000
10	4000
10	5000
10	2000
10	2000
10	5000
10	2000
10	6000
10	2000
10	2000
10	2000
10	3000
10	3000
10	2000
10	8000
10	1000
10	3000
10	4000
10	2000
10	2000
10	3000
10	7000
10	2000
10	3000
10	3000
10	6000
10	4000
10	2000
10	2000
10	7000
10	2000
10	10000
10	3000
10	5000
10	3000
10	3000
10	4000
10	9000
10	1000
10	4000
10	2000
10	2000
10	2000
10	5000
10	3000
10	3000
10	3000
10	4000
10	5000
10	13000
10	7000
10	2000
10	5000
10	15000
10	5000
10	5000
10	3000
10	2000
10	4000
10	2000
10	3000
10	7000
10	11000
10	2000
10	6000
10	7000
10	4000
10	16000
10	13000
10	3000
10	4000
10	3000
10	4000
10	12000
10	2000
10	6000
10	2000
10	5000
10	3000
10	2000
10	1000
10	2000
10	8000
10	3000
10	4000
10	4000
10	4000
10	2000
10	2000
10	4000
10	4000
10	10000
10	1000
10	4000
10	8000
10	2000
10	5000
10	5000
10	2000
10	5000
10	2000
10	10000
10	1000
10	1000
10	2000
10	15000
10	5000
10	5000
10	3000
10	2000
10	2000
10	3000
10	3000
10	2000
10	1000
10	1000
10	5000
10	16000
10	3000
10	7000
10	4000
10	2000
10	1000
10	4000
10	9000
10	6000
10	4000
10	7000
10	3000
10	3000
10	3000
10	4000
10	4000
10	6000
10	16000
10	5000
10	6000
10	5000
10	22000
10	3000
10	2000
10	8000
10	5000
10	7000
10	5000
10	14000
10	6000
10	6000
10	4000
10	7000
10	3000
10	2000
10	4000
10	6000
10	7000
10	3000
10	4000
10	11000
10	4000
10	2000
10	2000
10	8000
10	2000
10	10000
10	3000
10	2000
10	2000
10	3000
10	3000
10	2000
10	4000
10	3000
10	3000
10	4000
10	3000
10	7000
10	9000
10	3000
10	2000
10	6000
10	7000
10	3000
10	5000
10	5000
10	5000
10	8000
10	8000
10	2000
10	2000
10	16000
10	4000
10	3000
10	5000
10	6000
10	3000
10	8000
10	2000
10	5000
10	3000
10	4000
10	2000
10	4000
10	5000
10	2000
10	6000
10	2000
10	11000
10	4000
10	1000
10	1000
10	3000
10	3000
10	7000
10	10000
10	3000
10	9000
10	5000
10	3000
10	2000
10	3000
10	2000
10	5000
10	7000
10	3000
10	2000
10	3000
10	4000
10	3000
10	3000
10	4000
10	4000
10	7000
10	3000
10	1000
10	3000
10	3000
10	3000
10	7000
10	14000
10	2000
10	2000
10	3000
10	4000
10	3000
10	3000
10	3000
10	2000
10	6000
10	4000
10	2000
10	5000
10	5000
10	3000
10	7000
10	12000
10	4000
10	3000
10	13000
10	4000
10	5000
10	3000
10	3000
10	2000
10	4000
10	2000
10	2000
10	13000
10	6000
10	1000
10	4000
10	2000
10	2000
10	7000
10	3000
10	4000
10	3000
10	3000
10	7000
10	2000
10	3000
10	7000
10	3000
10	4000
10	3000
10	3000
10	7000
10	2000
10	6000
10	4000
10	2000
10	2000
10	2000
10	4000
10	2000
10	8000
10	10000
10	3000
10	1000
10	3000
10	5000
10	5000
10	2000
10	2000
10	2000
10	2000
10	9000
10	1000
10	6000
10	3000
10	3000
10	1000
10	3000
10	5000
10	4000
10	2000
10	5000
10	10000
10	4000
10	2000
10	4000
10	9000
10	2000
10	4000
10	2000
10	2000
10	2000
10	2000
10	9000
10	3000
10	7000
10	4000
10	2000
10	4000
10	4000
10	2000
10	5000
10	3000
10	8000
10	2000
10	3000
10	2000
10	3000
10	2000
10	7000
10	2000
10	5000
10	5000
10	20000
10	6000
10	5000
10	7000
10	3000
10	1000
10	2000
10	3000
10	5000
10	3000
10	2000
10	8000
10	16000
10	3000
10	6000
10	4000
10	6000
10	7000
10	4000
10	5000
10	6000
10	13000
10	3000
10	11000
10	8000
10	3000
10	4000
10	3000
10	3000
10	2000
10	2000
10	3000
10	5000
10	7000
10	19000
10	2000
10	6000
10	2000
10	2000
10	2000
10	4000
10	6000
10	2000
10	2000
10	6000
10	5000
10	3000
10	5000
10	9000
10	3000
10	3000
10	4000
10	3000
10	12000
10	4000
10	9000
10	12000
10	5000
10	4000
10	2000
10	3000
10	5000
10	2000
10	3000
10	2000
10	13000
10	4000
10	3000
10	3000
10	2000
10	3000
10	9000
10	10000
10	2000
10	3000
10	16000
10	10000
10	3000
10	2000
10	11000
10	1000
10	3000
10	2000
10	4000
10	5000
10	1000
10	3000
10	5000
10	8000
10	6000
10	8000
10	4000
10	4000
10	6000
10	4000
10	3000
10	5000
10	4000
10	7000
10	4000
10	5000
10	2000
10	3000
10	6000
10	2000
10	4000
10	3000
10	13000
10	14000
10	13000
10	2000
10	1000
10	2000
10	6000
10	3000
10	4000
10	3000
10	2000
10	9000
10	6000
10	2000
10	2000
10	8000
10	2000
10	2000
10	2000
10	3000
10	3000
10	2000
10	8000
10	6000
10	3000
10	1000
10	2000
10	4000
10	2000
10	2000
10	2000
10	8000
10	5000
10	5000
10	5000
10	3000
10	7000
10	3000
10	3000
10	3000
10	2000
10	4000
10	2000
10	8000
10	2000
10	4000
10	2000
10	4000
10	2000
10	7000
10	4000
10	3000
10	3000
10	4000
10	2000
10	7000
10	5000
10	11000
10	3000
10	2000
10	4000
10	2000
10	3000
10	4000
10	5000
10	2000
10	5000
10	8000
10	4000
10	3000
10	1000
10	3000
10	3000
10	3000
10	2000
10	2000
10	8000
10	3000
10	2000
10	5000
10	6000
10	8000
10	3000
10	5000
10	3000
10	2000
10	5000
10	2000
10	2000
10	2000
10	1000
10	9000
10	4000
10	5000
10	4000
10	10000
10	2000
10	4000
10	2000
10	2000
10	4000
10	3000
10	2000
10	2000
10	4000
10	1000
10	3000
10	4000
10	4000
10	5000
10	3000
10	4000
10	5000
10	3000
10	4000
10	2000
10	4000
10	4000
10	3000
10	7000
10	3000
10	2000
10	4000
10	3000
10	1000
10	3000
10	2000
10	10000
10	3000
10	20000
10	2000
10	8000
10	5000
10	3000
10	3000
10	10000
10	3000
10	5000
10	3000
10	2000
10	3000
10	6000
10	10000
10	6000
10	2000
10	7000
10	4000
10	3000
10	3000
10	2000
10	5000
10	991
10	2000
10	2000
10	2000
10	3000
10	2000
10	1000
10	2000
10	6000
10	2000
10	2000
10	2000
10	4000
10	5000
10	7000
10	4000
10	3000
10	10000
10	2000
10	4000
10	8000
10	3000
10	7000
10	2000
10	3000
10	3000
10	2000
10	3000
10	12000
10	2000
10	2000
10	2000
10	6000
10	8000
10	1000
10	4000
10	7000
10	1000
10	5000
10	10000
10	12000
10	7000
10	5000
10	2000
10	7000
10	7000
10	8000
10	3000
10	7000
10	8000
10	6000
10	4000
10	6000
10	12000
10	2000
10	6000
10	4000
10	1000
10	5000
10	3000
10	5000
10	3000
10	3000
10	5000
10	17000
10	6000
10	3000
10	12000
10	2000
10	4000
10	7000
10	4000
10	6000
10	2000
10	2000
10	3000
10	4000
10	3000
10	9000
10	3000
10	4000
10	9000
10	4000
10	2000
10	7000
10	2000
10	3000
10	3000
10	3000
10	2000
10	7000
10	5000
10	1000
10	2000
10	11000
10	8000
10	3000
10	2000
10	6000
10	3000
10	2000
10	1000
10	1000
10	2000
10	3000
10	2000
10	3000
10	4000
10	1000
10	8000
10	2000
10	2000
10	2000
10	2000
10	4000
10	9000
10	3000
10	3000
10	4000
10	4000
10	6000
10	2000
10	9000
10	3000
10	10000
10	2000
10	3000
10	3000
10	3000
10	2000
10	3000
10	4000
10	6000
10	8000
10	3000
10	6000
10	5000
10	4000
10	11000
10	6000
10	2000
10	2000
10	3000
10	2000
10	9000
10	2000
10	7000
10	2000
10	9000
10	5000
10	2000
10	3000
10	5000
10	2000
10	2000
10	2000
10	3000
10	4000
10	4000
10	2000
10	2000
10	8000
10	8000
10	2000
10	5000
10	1000
10	3000
10	5000
10	3000
10	4000
10	7000
10	5000
10	2000
10	2000
10	5000
10	6000
10	2000
10	4000
10	4000
10	3000
10	9000
10	2000
10	6000
10	2000
10	9000
10	11000
10	2000
10	2000
10	3000
10	3000
10	2000
10	2000
10	4000
10	5000
10	9000
10	3000
10	3000
10	7000
10	4000
10	2000
10	3000
10	2000
10	4000
10	2000
10	7000
10	3000
10	2000
10	13000
10	2000
10	3000
10	6000
10	1000
10	4000
10	15000
10	4000
10	2000
10	2000
10	3000
10	20000
10	3000
10	4000
10	3000
10	4000
10	5000
10	5000
10	2000
10	11000
10	4000
10	8000
10	5000
10	2000
10	5000
10	10000
10	1000
10	7000
10	2000
10	2000
10	3000
10	3000
10	4000
10	4000
10	2000
10	9000
10	2000
10	7000
10	6000
10	22000
10	7000
10	5000
10	14000
10	2000
10	3000
10	3000
10	16000
10	9000
10	1000
10	11000
10	3000
10	5000
10	3000
10	6000
10	11000
10	2000
10	11000
10	3000
10	3000
10	13000
10	12000
10	13000
10	2000
10	4000
10	5000
10	5000
10	8000
10	2000
10	2000
10	11000
10	4000
10	3000
10	3000
10	4000
10	4000
10	2000
10	8000
10	5000
10	2000
10	2000
10	4000
10	9000
10	2000
10	3000
10	5000
10	3000
10	2000
10	6000
10	4000
10	6000
10	2000
10	12000
10	2000
10	1000
10	4000
10	3000
10	6000
10	3000
10	6000
10	3000
10	6000
10	9000
10	7000
10	9000
10	15000
10	2000
10	6000
10	7000
10	3000
10	3000
10	2000
10	2000
10	4000
10	2000
10	3000
10	4000
10	7000
10	2000
10	12000
10	4000
10	5000
10	6000
10	1000
10	4000
10	2000
10	8000
10	3000
10	2000
10	2000
10	4000
10	2000
10	4000
10	5000
10	3000
10	5000
10	2000
10	6000
10	3000
10	5000
10	2000
10	2000
10	2000
10	3000
10	2000
10	1000
10	2000
10	3000
10	3000
10	2000
10	3000
10	2000
10	2000
10	2000
10	4000
10	2000
10	7000
10	5000
10	2000
10	2000
10	3000
10	2000
10	4000
10	2000
10	3000
10	3000
10	2000
10	2000
10	3000
10	2000
10	5000
10	3000
10	3000
10	5000
10	2000
10	2000
10	4000
10	3000
10	3000
10	3000
10	4000
10	4000
10	2000
10	7000
10	5000
10	4000
10	4000
10	4000
10	4000
10	5000
10	9000
10	3000
10	8000
10	1000
10	2000
10	8000
10	5000
10	5000
10	2000
10	2000
10	5000
10	3000
10	2000
10	2000
10	4000
10	7000
10	2000
10	3000
10	2000
10	4000
10	5000
10	4000
10	2000
10	2000
10	2000
10	426
10	2000
10	3000
10	2000
10	5000
10	3000
10	4000
10	7000
10	6000
10	4000
10	6000
10	1000
10	7000
10	1000
10	1000
10	1000
10	5000
10	3000
10	5000
10	6000
10	6000
10	9000
10	5000
10	4000
10	4000
10	3000
10	6000
10	12000
10	4000
10	13000
10	8000
10	9000
10	3000
10	1000
10	7000
10	9000
10	6000
10	23000
10	1000
10	2000
10	5000
10	2000
10	3000
10	2000
10	4000
10	3000
10	7000
10	1000
10	9000
10	2000
10	1000
10	2000
10	3000
10	7000
10	4000
10	7000
10	1000
10	8000
10	3000
10	7000
10	3000
10	2000
10	8000
10	3000
10	5000
10	2000
10	1000
10	8000
10	2000
10	1000
10	10000
10	1000
10	4000
10	2000
10	2000
10	5000
10	1000
10	23000
10	3000
10	1000
10	22000
10	4000
10	6000
10	2000
10	3000
10	7000
10	2000
10	3000
10	8000
10	2000
10	5000
10	4000
10	4000
10	9000
10	4000
10	9000
10	3000
10	3000
10	5000
10	1000
10	14000
10	6000
10	2000
10	3000
10	5000
10	6000
10	2000
10	5000
10	2000
10	2000
10	9000
10	3000
10	2000
10	1000
10	3000
10	10000
10	3000
10	5000
10	2000
10	5000
10	3000
10	9000
10	1000
10	7000
10	2000
10	5000
10	3000
10	7000
10	1000
10	3000
10	9000
10	1000
10	4000
10	7000
10	2000
10	4000
10	16000
10	5000
10	10000
10	5000
10	4000
10	3000
10	2000
10	3000
10	3000
10	6000
10	4000
10	7000
10	3000
10	4000
10	4000
10	1000
10	2000
10	2000
10	4000
10	2000
10	2000
10	7000
10	1000
10	5000
10	3000
10	4000
10	3000
10	6000
10	3000
10	1000
10	15000
10	4000
10	1000
10	4000
10	11000
10	13000
10	3000
10	8000
10	2000
10	3000
10	4000
10	11000
10	5000
10	14000
10	2000
10	7000
10	6000
10	4000
10	6000
10	4000
10	7000
10	9000
10	3000
10	4000
10	2000
10	2000
10	4000
10	7000
10	7000
10	5000
10	4000
10	2000
10	2000
10	2000
6	5000
6	2000
6	9000
6	5000
6	2000
6	4000
6	1000
6	2000
6	5000
6	2000
6	2000
6	3000
6	3000
6	6000
6	10000
6	4000
6	12000
6	20000
6	3000
6	3000
6	3000
6	13000
6	11000
6	14000
6	4000
6	3000
6	7000
6	12000
6	7000
6	3000
6	5000
6	9000
6	5000
6	2000
6	17000
6	20000
6	9000
6	9000
6	8000
6	3000
6	5000
6	3000
6	5000
6	8000
6	1000
6	20000
6	3000
6	13000
6	6000
6	6000
6	5000
6	12000
6	5000
6	4000
6	4000
6	2000
6	2000
6	10000
6	5000
6	3000
6	3000
6	2000
6	6000
6	5000
6	1000
6	7000
6	3000
6	6000
6	13000
6	4000
6	15000
6	2000
6	3000
6	4000
6	13000
6	9000
6	2000
6	5000
6	2000
6	7000
6	4000
6	3000
6	5000
6	3000
6	2000
6	9000
6	1000
6	3000
6	1000
6	3000
6	5000
6	2000
6	3000
6	1000
6	3000
6	3000
6	1000
6	1000
6	2000
6	4000
6	2000
6	1000
6	2000
6	2000
6	2000
6	2000
6	2000
6	2000
6	3000
6	5000
6	4000
6	3000
6	5000
6	4000
6	6000
6	2000
6	6000
6	6000
6	7000
6	2000
6	7000
6	5000
6	1000
6	2000
6	3000
6	4000
6	2000
6	2000
6	4000
6	3000
6	4000
6	3000
6	3000
6	3000
6	3000
6	9000
6	2000
6	4000
6	6000
6	2000
6	5000
6	2000
6	3000
6	3000
6	1000
6	5000
6	3000
6	1000
6	3000
6	1000
6	4000
6	2000
6	2000
6	1000
6	8000
6	6000
6	9000
6	3000
6	3000
6	2000
6	4000
6	5000
6	2000
6	1000
6	1000
6	2000
6	4000
6	13000
6	8000
6	8000
6	6000
6	3000
6	25000
6	6000
6	2000
6	3000
6	1000
6	3000
6	8000
6	6000
6	10000
6	10000
6	11000
6	3000
6	2000
6	2000
6	2000
6	3000
6	2000
6	2000
6	2000
6	3000
6	4000
6	5000
6	4000
6	1000
6	2000
6	7000
6	2000
6	2000
6	8000
6	3000
6	3000
6	2000
6	2000
6	3000
6	4000
6	3000
6	5000
6	3000
6	1000
6	6000
6	5000
6	2000
6	2000
6	3000
6	2000
6	3000
6	1000
6	2000
6	3000
6	1000
6	4000
6	2000
6	2000
6	8000
6	2000
6	11000
6	4000
6	6000
6	7000
6	3000
6	3000
6	20000
6	2000
6	4000
6	14000
6	3000
6	9000
6	4000
6	3000
6	3000
6	6000
6	17000
6	20000
6	2000
6	2000
6	6000
6	4000
6	5000
6	2000
6	12000
6	2000
6	7000
6	12000
6	14000
6	3000
6	11000
6	7000
6	3000
6	3000
6	13000
6	5000
6	6000
6	9000
6	17000
6	2000
6	4000
6	5000
6	6000
6	7000
6	1000
6	4000
6	9000
6	8000
6	2000
6	12000
6	2000
6	4000
6	10000
6	4000
6	4000
6	3000
6	4000
6	5000
6	3000
6	2000
6	3001
6	2000
6	5000
6	4000
6	15000
6	2000
6	24000
6	12000
6	2000
6	8000
6	14000
6	16000
6	20000
6	4000
6	15000
6	5000
6	4000
6	17000
6	11000
6	5000
6	8000
6	8000
6	5000
6	3000
6	3000
6	3000
6	12000
6	9000
6	3000
6	7000
6	5000
6	4000
6	4000
6	5000
6	3000
6	3000
6	3000
6	1000
6	5000
6	1000
6	5000
6	6000
6	6000
6	3000
6	4000
6	9000
6	1000
6	4000
6	2000
6	2000
6	2000
6	3000
6	4000
6	3000
6	2000
6	2000
6	2000
6	2000
6	2000
6	5000
6	3000
6	2000
6	9000
6	4000
6	2000
6	2000
6	2000
6	1000
6	4000
6	4000
6	4000
6	4000
6	2000
6	1000
6	3000
6	2000
6	5000
6	3000
6	3000
6	7000
6	5000
6	2000
6	3000
6	3000
6	2000
6	2000
6	1000
6	2000
6	5000
6	3000
6	11000
6	4000
6	8000
6	10000
6	3000
6	2000
6	5000
6	3000
6	4000
6	14000
6	7000
6	6000
6	3000
6	3000
6	6000
6	2000
6	4000
6	3000
6	4000
6	4000
6	2000
6	2000
6	19000
6	8000
6	9000
6	5000
6	17000
6	3000
6	2000
6	5000
6	4000
6	5000
6	2000
6	3000
6	5000
6	3000
6	1000
6	6000
6	9000
6	8876
6	6000
6	2000
6	1000
6	8000
6	16000
6	1000
6	5000
6	9000
6	4000
6	5000
6	10000
6	6000
6	2000
6	9000
6	5000
6	3000
6	10000
6	2000
6	4000
6	18000
6	2000
6	5000
6	8000
6	4000
6	16000
6	3000
6	5000
6	10000
6	2000
6	5000
6	5000
6	2000
6	4000
6	4000
6	1000
6	21000
6	9000
6	3000
6	10000
6	3000
6	7000
6	1000
6	9000
6	7000
6	1000
6	7000
6	16000
6	7000
6	3000
6	3000
6	3000
6	3000
6	7000
6	2000
6	2000
6	2000
6	6000
6	3000
6	3000
6	3000
6	3000
6	3000
6	3000
6	6000
6	2000
6	2000
6	2000
6	6000
6	5000
6	16000
6	4000
6	3000
6	12000
6	2000
6	4000
6	4000
6	2000
6	6000
6	6000
6	3000
6	7000
6	1000
6	8000
6	9000
6	5000
6	2000
6	1000
6	1000
6	2000
6	2000
6	2000
6	4000
6	5000
6	5000
6	2000
6	3000
6	4000
6	2000
6	2000
6	2000
6	1000
6	2000
6	5000
6	2000
6	8000
6	13000
6	1000
6	7000
6	12000
6	2000
6	1000
6	3000
6	4000
6	2000
6	5000
6	2000
6	4000
6	2000
6	2000
6	3000
6	5000
6	4000
6	2000
6	3000
6	2000
6	3000
6	3000
6	4000
6	4000
6	2000
6	4000
6	4000
6	2000
6	3000
6	7000
6	3000
6	2000
6	6000
6	16000
6	10000
6	2000
6	4000
6	2000
6	2000
6	5000
6	8000
6	10000
6	4000
6	10000
6	2000
6	2000
6	3000
6	5000
6	3000
6	2000
6	6000
6	2000
6	2000
6	3000
6	2000
6	4000
6	2000
6	1000
6	8000
6	4000
6	4000
6	2000
6	3000
6	3000
6	2000
6	3000
6	2000
6	7000
6	3000
6	3000
6	3000
6	3000
6	3000
6	3000
6	8000
6	1000
6	4000
6	8000
6	8000
6	16000
6	2000
6	5000
6	13000
6	9000
6	4000
6	5000
6	4000
6	43000
6	49000
6	3000
6	35000
6	9000
6	7000
6	12000
6	3000
6	6000
6	6000
6	2000
6	15000
6	5000
6	9000
6	24000
6	22000
6	7000
6	11000
6	5000
6	24000
6	4000
6	19000
6	4000
6	2000
6	9000
6	2000
6	4000
6	3000
6	3000
6	4000
6	1000
6	3000
6	3000
6	9000
6	2000
6	5000
6	3000
6	7000
6	7000
6	9000
6	2000
6	3000
6	4000
6	2000
6	14000
6	5000
6	5000
6	2000
6	3000
6	1000
6	3000
6	6000
6	3000
6	5000
6	6000
6	8000
6	11000
6	2000
6	3000
6	7000
6	2000
6	4000
6	2000
6	5000
6	4000
6	2000
6	2000
6	8000
6	3000
6	2000
6	5000
6	5000
6	1000
6	2000
6	4000
6	2000
6	8000
6	7000
6	3000
6	6000
6	3000
6	5000
6	1000
6	9000
6	23000
6	14000
6	4000
6	10000
6	11000
6	2000
6	9000
6	2000
6	8000
6	2000
6	5000
6	3000
6	2000
6	2000
6	2000
6	3000
6	3000
6	1000
6	2000
6	4000
6	2000
6	7000
6	3000
6	4000
6	4000
6	5000
6	3000
6	2000
6	2000
6	1000
6	4000
6	4000
6	3000
6	2000
6	1000
6	4000
6	4000
6	7000
6	3000
6	7000
6	2000
6	4000
6	2000
6	3000
6	2000
6	2000
6	1000
6	2000
6	2000
6	9000
6	4000
6	2000
6	11000
6	6000
6	4000
6	7000
6	2000
6	4000
6	2000
6	2000
6	2000
6	2000
6	4000
6	4000
6	9000
6	4000
6	3000
6	3000
6	5000
6	2000
6	2000
6	9000
6	2000
6	2000
6	2000
6	5000
6	3000
6	2000
6	2000
6	3000
6	2000
6	4000
6	8000
6	6000
6	2000
6	2000
6	3000
6	2000
6	4000
6	3000
6	2000
6	2000
6	7000
6	12000
6	4000
6	7000
6	7000
6	3000
6	2000
6	3000
6	1000
6	4000
6	22000
6	12000
6	2000
6	3000
6	4000
6	4000
6	3000
6	7000
6	2000
6	1000
6	1000
6	2000
6	2000
6	2000
6	2000
6	2000
6	2000
6	2000
6	4000
6	3000
6	4000
6	5000
6	3000
6	3000
6	4000
6	1000
6	5000
6	6000
6	2000
6	2000
6	5000
6	8000
6	5000
6	7000
6	6000
6	7000
6	3000
6	15000
6	3000
6	1000
6	9000
6	2000
6	4000
6	9000
6	1000
6	5000
6	21000
6	1000
6	5000
6	2000
6	8000
6	4000
6	7000
6	2000
6	9000
6	1000
6	4000
6	2000
6	4000
6	2000
6	3000
6	3000
6	1000
6	8000
6	2000
6	1000
6	5000
6	6000
6	2000
6	3000
6	5000
6	2000
6	8000
6	5000
6	2000
6	4000
6	2000
6	2000
6	3000
6	3000
6	3000
6	2000
6	3000
6	4000
6	4000
6	2000
6	3000
6	2000
6	2000
6	2000
6	2000
6	4424
6	4000
6	18000
6	3000
6	3000
6	10000
6	3000
6	3000
6	5000
6	3000
6	1000
6	2000
6	4000
6	3000
6	2000
6	1000
6	9000
6	3000
6	2000
6	3000
6	4000
6	2000
6	5000
6	2000
6	2000
6	7000
6	5000
6	1000
6	2000
6	3000
6	2000
6	1000
6	4000
6	2000
6	3000
6	2000
6	1000
6	1000
6	2000
6	2000
6	9000
6	5000
6	2000
6	5000
6	6000
6	1000
6	3000
6	5000
6	2000
6	4000
6	1000
6	2000
6	2000
6	3000
6	4000
6	3000
6	2000
6	4000
6	2000
6	4000
6	2000
6	2000
6	2000
6	2000
6	4000
6	2000
6	2000
6	3000
6	2000
6	3000
6	2000
6	4000
6	2000
6	2000
6	2000
6	3000
6	3000
6	2000
6	2000
6	2000
6	2000
6	2000
6	1000
6	3000
6	4000
6	2000
6	3000
6	2000
6	3000
6	1000
6	2000
6	3000
6	2000
6	2000
6	3000
6	2000
6	2000
6	2000
6	3000
6	6000
6	7000
6	4000
6	3000
6	3000
6	6000
6	3000
6	1000
6	3000
6	1000
6	3000
6	3000
6	4000
6	5000
6	6000
6	2000
6	3000
6	9000
6	8000
6	3000
6	2000
6	2000
6	1000
6	3000
6	2000
6	4000
6	1000
6	3000
6	3000
6	2000
6	5000
6	2000
6	5000
6	3000
6	3000
6	8000
6	4000
6	4000
6	4000
6	3000
6	3000
6	5000
6	1000
6	4000
6	7000
6	9000
6	5000
6	11000
6	6000
6	14000
6	4000
6	3000
6	3000
6	2000
6	5000
6	5000
6	4000
6	6000
6	10000
6	5000
6	9000
6	7000
6	3000
6	5000
6	16000
6	6000
6	6000
6	2000
6	23000
6	7000
6	2000
6	5000
6	5000
6	8000
6	10000
6	21000
6	5000
6	10000
6	7000
6	5000
6	12000
6	3000
6	12000
6	5000
6	4000
6	4000
6	4000
6	3000
6	3000
6	3000
6	1000
6	4000
6	4000
6	2000
6	3000
6	4000
6	2000
6	2000
6	14000
6	2000
6	1000
6	16000
6	4000
6	16000
6	10000
6	7000
6	8000
6	6000
6	3000
6	3000
6	4000
6	4000
6	3000
6	2000
6	7000
6	2000
6	3000
6	5000
6	20000
6	3000
6	2000
6	14000
6	33000
6	12000
6	3000
6	5000
6	2000
6	2000
6	4000
6	3000
6	13000
6	5000
6	3000
6	2000
6	4000
6	3000
6	2000
6	1000
6	4000
3	2000
3	3000
3	4000
3	2000
3	2000
3	2000
3	4000
3	4000
3	3000
3	2000
3	3000
3	3000
3	2000
3	2000
3	2000
3	1000
3	1000
3	2000
3	2000
3	5000
3	5000
3	5000
3	4000
3	4000
3	4000
3	2000
3	4000
3	4000
3	3000
3	2000
3	6000
3	6000
3	4000
3	1000
3	4000
3	4000
3	4000
3	1000
3	2000
3	3000
3	3000
3	2000
3	2000
3	4000
3	3000
3	3000
3	4000
3	4000
3	2000
3	3000
3	1000
3	3000
3	1000
3	3000
3	2000
3	11000
3	3000
3	2000
3	4000
3	1000
3	8000
3	4000
3	3000
3	1000
3	2000
3	5000
3	4000
3	6000
3	6000
3	1000
3	5000
3	3000
3	9000
3	2000
3	4000
3	2000
3	3000
3	2000
3	8000
3	3000
3	5000
3	5000
3	4000
3	5000
3	3000
3	3000
3	4000
3	3000
3	2000
3	3000
3	2000
3	2000
3	4000
3	2000
3	2000
3	2000
3	3000
3	3000
3	2000
3	5000
3	11000
3	10000
3	3000
3	3000
3	3000
3	4000
3	6000
3	8000
3	8000
3	6000
3	10000
3	5000
3	5000
3	11000
3	5000
3	3000
3	5000
3	6000
3	10000
3	16000
3	4000
3	7000
3	6000
3	2000
3	2000
3	3000
3	1000
3	2000
3	2000
3	2000
3	2000
3	5000
3	13000
3	5000
3	4000
3	2000
3	3000
3	3000
3	2000
3	5000
3	9000
3	1000
3	7000
3	3000
3	6000
3	12000
3	2000
3	2000
3	3000
3	2000
3	2000
3	3000
3	19000
3	3000
3	6000
3	5000
3	4000
3	3000
3	4000
3	3000
3	3000
3	4000
3	5000
3	3000
3	6000
3	15000
3	7000
3	4000
3	7000
3	5000
3	3000
3	2000
3	3000
3	3000
3	10000
3	5000
3	10000
3	21000
3	2000
3	2000
3	3000
3	3000
3	5000
3	3000
3	3000
3	6000
3	2000
3	2000
3	4000
3	2000
3	14000
3	1000
3	24000
3	4000
3	6000
3	4000
3	4000
3	3000
3	3000
3	12000
3	2000
3	5000
3	3000
3	6000
3	3000
3	2000
3	4000
3	1000
3	3000
3	2000
3	2000
3	3000
3	4000
3	3000
3	2000
3	2000
3	5000
3	2000
3	2000
3	3000
3	3000
3	5000
3	2000
3	3000
3	2000
3	2000
3	2000
3	4000
3	4000
3	2000
3	1000
3	4000
3	3000
3	4000
3	5000
3	5000
3	5000
3	6000
3	3000
3	3000
3	7000
3	1000
3	4000
3	1000
3	2000
3	2000
3	2000
3	11000
3	3000
3	7000
3	7000
3	4000
3	20000
3	5000
3	9000
3	2000
3	3000
3	4000
3	3000
3	10000
3	4000
3	5000
3	2000
3	2000
3	2000
3	2000
3	2000
3	1000
3	2000
3	2000
3	2000
3	6000
3	2000
3	3000
3	3000
3	3000
3	2000
3	5000
3	7000
3	1000
3	1000
3	1000
3	2000
3	3000
3	3000
3	3000
3	8000
3	11000
3	5000
3	3000
3	2000
3	2000
3	4000
3	4000
3	14000
3	2000
3	6000
3	2000
3	9000
3	2000
3	4000
3	2000
3	9000
3	5000
3	1000
3	3000
3	2000
3	10000
3	7000
3	3000
3	4000
3	3000
3	2000
3	3000
3	6000
3	3000
3	2000
3	1000
3	4000
3	2000
3	20000
3	4000
3	3000
3	15000
3	30000
3	2000
3	4000
3	3000
3	3000
3	6000
3	2000
3	3000
3	2000
3	4000
3	1000
3	2000
3	2000
3	3000
3	2000
3	3000
3	2000
3	2000
3	2000
3	2000
3	2000
3	2000
3	9000
3	5000
3	5000
3	2000
3	8000
3	1000
3	2000
3	2000
3	5000
3	2000
3	1999
3	2000
3	3000
3	2000
3	9000
3	2000
3	2000
3	4000
3	3000
3	4000
3	7000
3	2000
3	6000
3	4000
3	6000
3	4000
3	2000
3	10000
3	9000
3	3000
3	4000
3	4000
3	3000
3	2000
3	4000
3	6000
3	1000
3	2000
3	2000
3	2000
3	6000
3	3000
3	15000
3	5000
3	2000
3	9000
3	1000
3	3000
3	1000
3	2000
3	2000
3	3000
3	2000
3	5000
3	5000
3	7000
3	1000
3	1000
3	1000
3	8000
3	2000
3	2000
3	5000
3	7000
3	2000
3	4000
3	2000
3	3000
3	5000
3	2000
3	3000
3	3000
3	3000
3	3000
3	3000
3	1000
3	2000
3	8000
3	2000
3	1000
3	1000
3	13000
3	1000
3	1000
3	4000
3	4000
3	3000
3	4000
3	4000
3	2000
3	3000
3	3000
3	3000
3	3000
3	2000
3	4000
3	2000
3	3000
3	2000
3	1000
3	3000
3	2000
3	4000
3	4000
3	6000
3	6000
3	4000
3	4000
3	2000
3	3000
3	6000
3	4000
3	3000
3	3000
3	3000
3	3000
3	3000
3	3000
3	2000
3	3000
3	3000
3	8000
3	4000
3	5000
3	6000
3	5000
3	8000
3	1000
3	10000
3	10000
3	2000
3	3000
3	2000
3	2000
3	2000
3	3000
3	4000
3	3000
3	3000
3	2000
3	6000
3	2000
3	3000
3	1000
3	5000
3	4000
3	8000
3	7000
3	2000
3	3000
3	3000
3	3000
3	2000
3	3000
3	3000
3	3000
3	3000
3	4000
3	3000
3	10000
3	3000
3	3000
3	2000
3	2000
3	4000
3	2000
3	4000
3	3000
3	2000
3	2000
3	2000
3	3000
3	2000
3	5000
3	6000
3	1000
3	2000
3	3000
3	3000
3	3000
3	3000
3	5000
3	1000
3	3000
3	10000
3	5000
3	4000
3	1000
3	5000
3	3000
3	2000
3	2000
3	3000
3	3000
3	3000
3	8000
3	3000
3	2000
3	2000
3	3000
3	2000
3	2000
3	2000
3	2000
3	4000
3	2000
3	2000
3	2000
3	5000
3	3000
3	1000
3	3000
3	2000
3	3000
3	1000
3	1000
3	3000
3	2000
3	2000
3	2000
3	2000
3	2000
3	2000
3	1000
3	2000
3	3000
3	2000
3	6000
3	6000
3	64
3	4000
3	3000
3	3000
3	5000
3	1000
3	2000
3	3000
3	4000
3	2000
3	2000
3	2000
3	9000
3	9000
3	3000
3	2000
3	3000
3	3000
3	4000
3	2000
3	4000
3	2000
3	2000
3	2000
3	1000
3	2000
3	2000
3	2000
3	2000
3	3000
3	6000
3	6000
3	3000
3	4000
3	1000
3	5000
3	2000
3	3000
3	4000
3	2000
3	3000
3	7000
3	3000
3	3000
3	2000
3	2000
3	11000
3	5000
3	7000
3	4000
3	2000
3	5000
3	5000
3	3000
3	4000
3	3000
3	2000
3	3000
3	2000
3	3000
3	3000
3	3000
3	1000
3	2000
3	6000
3	5000
3	9000
3	3000
3	10000
3	3000
3	5000
3	2000
3	6000
3	9000
3	2000
3	1000
3	6000
3	2000
3	3000
3	8000
3	13000
3	12000
3	2000
3	7000
3	12000
3	15000
3	18000
3	6000
3	3000
3	12000
3	8000
3	2000
3	2000
3	3000
3	2986
3	2000
3	3000
3	2000
3	1000
3	2000
3	2000
3	1000
3	12000
3	2000
3	3000
3	9000
3	2000
3	2000
3	10000
3	4000
3	1000
3	2000
3	2000
3	2000
3	7000
3	3000
3	2000
3	2000
3	2000
3	2000
3	4000
3	2000
3	2000
3	3000
3	2000
3	3000
3	14000
3	16000
3	3000
3	3000
3	3000
3	2000
3	3000
3	2000
3	1000
3	2000
3	6000
3	3000
3	5000
3	2000
3	2000
3	6000
3	1000
3	9000
3	3000
3	7000
3	2000
3	3000
3	3000
3	7000
3	6000
3	4000
3	3000
3	1000
3	11000
3	6000
3	3000
3	6000
3	7000
3	9000
3	2000
3	2000
3	6000
3	2000
3	3000
3	1000
3	6000
3	5000
3	3000
3	4000
3	3000
3	1000
3	4000
3	2000
3	3000
3	7000
3	9000
3	11000
3	2000
3	3000
3	2000
3	4000
3	1000
3	2000
3	3000
3	5000
3	4000
3	7000
3	3000
3	3000
3	4000
3	13000
3	6000
3	3000
3	4000
3	2000
3	2000
3	3000
3	3000
3	4000
3	2000
3	3000
3	5000
3	2000
3	3000
3	4000
3	3000
3	1000
3	4000
3	1000
3	5000
3	2000
3	6000
3	2000
3	2000
3	5000
3	14000
3	5000
3	2000
3	2000
3	2000
3	1000
3	2000
3	2000
3	2000
3	2000
3	5000
3	7000
3	3000
3	2000
3	4000
3	4000
3	3000
3	2000
3	5000
3	3000
3	10000
3	9000
3	2000
3	3000
3	4000
3	4000
3	3000
3	3000
3	3000
3	3000
3	1000
3	1000
3	2000
3	7000
3	2000
3	8000
3	3000
3	3000
3	4000
3	5000
3	2000
3	4000
3	2000
3	2000
3	4000
3	4000
3	8000
3	3000
3	10000
3	2000
3	2000
3	2000
3	2000
3	6000
3	2000
3	2000
3	1000
3	2000
3	3000
3	2000
3	1000
3	2000
3	2000
3	3000
3	6000
3	6000
3	5000
3	10000
3	10000
3	28000
3	7000
3	5000
3	2000
3	2000
3	5000
3	3000
3	3000
3	4000
3	4000
3	2000
3	3000
3	4000
3	3000
3	2000
3	2000
3	9000
3	8000
3	3000
3	2000
3	2000
3	3000
3	6000
3	3000
3	3000
3	3000
3	2000
3	3000
3	2000
3	1000
3	1000
3	3000
3	3000
3	4000
3	2000
3	2000
3	6000
3	4000
3	1000
3	5000
3	1000
3	3000
3	1000
3	1000
3	1000
3	3000
3	6000
3	2000
3	7000
3	3000
3	2000
3	9000
3	6000
3	4000
3	2000
3	9000
3	7000
3	27000
3	5000
3	1000
3	8000
3	7000
3	5000
3	11000
3	25000
3	5000
3	4000
3	3000
3	4000
3	9000
3	11000
3	3000
3	3000
3	1000
3	5000
3	4000
3	2000
3	4000
3	2000
3	3000
3	3000
3	9000
3	15000
3	16000
3	7000
3	5000
3	2000
3	2000
3	5000
3	4000
3	2000
3	7000
3	2000
3	3000
3	3000
3	2000
3	3000
3	3000
3	1000
3	2000
3	2000
3	3000
3	2000
3	2000
3	2000
3	1000
3	2000
3	2000
3	3000
3	2000
3	4000
3	2000
3	6000
3	5000
3	4000
3	3000
3	1000
3	2000
3	3000
3	3000
3	3000
3	4000
3	6000
3	7000
3	10000
3	8000
3	2000
3	4000
3	1000
3	3000
3	4000
3	4000
3	3000
3	6000
3	8000
3	4000
3	2000
3	1000
3	1000
3	4000
3	2000
3	2000
3	4000
3	4000
3	5000
3	2000
3	7000
3	5000
3	2000
3	8000
3	5000
3	2000
3	4000
3	4000
3	2000
3	2000
3	2000
3	1000
3	1000
3	2000
3	2000
3	9000
3	2000
3	2000
3	5000
3	3000
3	2000
3	3000
3	2000
3	4000
3	2000
3	4000
3	1000
3	2000
3	2000
3	4000
3	2000
3	3000
3	7000
3	3000
3	3000
3	2000
3	2000
3	2000
3	1000
3	5000
3	5000
3	1000
3	2000
3	3000
3	2000
3	2000
3	4000
3	12000
3	1000
3	4000
3	8000
3	3000
3	2000
3	3000
3	4000
3	5000
3	3000
3	2000
3	3000
3	2000
3	2000
3	2000
3	7000
3	3000
3	2000
3	1000
3	4000
3	2000
3	5000
3	4000
3	2000
3	2000
3	6000
3	3000
3	3000
3	2000
3	2000
3	1000
3	9000
3	8000
3	8000
3	5000
3	4000
3	2000
3	2000
3	2000
3	3000
3	2000
3	3000
3	3000
3	3000
3	2000
3	4000
3	9000
3	6000
3	6000
3	2000
3	14000
3	3000
3	7000
3	6000
3	5000
3	6000
3	14000
3	8000
3	5000
3	1000
3	4000
3	2000
3	5000
3	7000
3	2000
3	2000
3	1000
3	8000
3	7000
3	7000
3	11000
3	3000
3	3000
3	4000
3	4000
3	2000
3	2000
3	4000
3	2000
3	3000
3	1000
3	3000
3	2000
3	2000
3	5000
3	3000
3	4000
3	4000
3	5000
3	27000
3	10000
3	3000
3	18000
3	4000
3	18000
3	31000
3	4000
3	4000
3	7000
3	4000
3	2000
3	6000
3	7000
3	7000
3	2000
3	2000
3	2000
3	3000
3	3000
3	3000
3	8000
3	2000
3	3000
3	2000
3	5000
3	1000
3	4000
3	2000
3	3000
3	7000
3	7000
3	2000
3	2000
3	4000
3	11000
3	2000
3	10000
3	8000
3	7000
3	2000
3	1000
3	2000
3	1000
3	3000
3	3000
3	4000
3	3000
3	2000
3	3000
3	13000
3	2000
3	2000
3	2000
3	2000
3	3000
3	3000
3	3000
3	5000
3	3000
3	3000
3	2000
3	2000
3	2000
3	3000
3	2000
3	2000
3	4000
3	3000
3	5000
3	2000
3	2000
3	3000
3	6000
3	1000
3	7000
3	4000
3	3000
3	1000
3	1000
3	3000
3	17000
3	2197
3	4000
3	2000
3	2000
3	4000
3	1000
3	6000
3	3000
3	3000
3	4000
3	4000
3	9000
3	7000
3	6000
3	4000
3	3000
3	4000
3	5000
3	6000
3	3000
3	2000
3	4000
3	2000
3	2000
3	6000
3	2000
3	8000
3	2000
3	6000
3	3000
3	3000
3	1000
3	2000
3	2000
3	2000
3	3000
3	3000
3	8000
3	3000
3	3000
3	2000
3	2000
3	5000
3	15000
3	4000
3	4000
3	16000
3	2000
3	3000
3	2000
3	3000
3	2000
3	3000
3	7000
3	2000
3	3000
3	4000
3	2000
3	2000
3	3000
3	2000
3	2000
3	2000
3	2000
3	16000
3	8000
3	5000
3	7000
3	5000
3	4000
3	3000
3	3000
3	2000
3	3000
3	3000
3	2000
3	4000
3	2000
3	3000
3	3000
3	3000
3	3000
3	6000
3	4000
3	2000
3	4000
3	2000
3	3000
2	4000
2	3000
2	2000
2	2000
2	2000
2	3000
2	2000
2	2000
2	2000
2	2000
2	3000
2	3000
2	2000
2	2000
2	2000
2	2000
2	2000
2	2000
2	2000
2	2000
2	2000
2	2000
2	2000
2	2000
2	2000
2	4000
2	2000
2	2000
2	2000
2	2000
2	5000
2	2000
2	2000
2	2000
2	2000
2	2000
2	2000
2	2000
2	2000
2	2000
2	2000
2	2000
2	2000
2	2000
2	2000
2	3000
2	2000
2	2000
2	2000
2	2000
2	2000
2	2000
2	5000
2	2000
2	2000
2	2000
2	2000
2	2000
2	2000
2	2000
2	3000
2	2000
2	3000
2	2000
2	3000
2	2000
2	2000
2	2000
2	2000
2	2000
9	3000
9	2000
9	7000
9	6000
9	6000
9	99000
9	4000
9	3000
9	3000
9	4000
9	4000
9	3000
9	2000
9	5000
9	5000
9	6000
9	5000
9	6000
9	6000
9	2000
9	6000
9	3000
9	6000
9	2000
9	4000
9	1000
9	3000
9	2000
9	3000
9	50000
9	3000
9	4000
9	2000
9	3000
9	6000
9	2000
9	2000
9	2000
9	2000
9	6000
9	2000
9	3000
9	2000
9	4000
9	5000
9	3000
9	2000
9	5000
9	3000
9	2000
9	3000
9	3000
9	2000
9	2000
9	4000
9	2000
9	4000
9	2000
9	2000
9	4000
9	3000
9	5000
9	2000
9	6000
9	3000
9	5000
9	2000
9	5000
9	2000
9	4000
9	4000
9	4000
9	7000
9	2000
9	3000
9	3000
9	6000
9	121000
9	4000
9	8000
9	2000
9	7000
9	5000
9	5000
9	4000
9	33000
9	7000
9	8000
9	19000
9	3000
9	77000
9	4000
9	3000
9	5000
9	6000
9	3000
9	4000
9	3000
9	2000
9	6000
9	2000
9	8000
9	10000
9	3000
9	2000
9	6000
9	7000
9	5000
9	2000
9	2000
9	2000
9	5000
9	4000
9	2000
9	3000
9	4000
9	6000
9	2000
9	4000
9	1000
9	9000
9	4000
9	5000
9	11000
9	2000
9	2000
9	2000
9	4000
9	5000
9	2000
9	2000
9	2000
9	4000
9	6000
9	6000
9	3000
9	6000
9	4000
9	3000
9	3000
9	6000
9	6000
9	7000
9	2000
9	4000
9	6000
9	3000
9	5000
9	2000
9	3000
9	35000
9	44000
9	4000
9	1000
9	151000
9	10000
9	10000
1	2000
1	4000
1	3000
1	2000
1	9000
1	2000
1	2000
1	2000
1	1000
1	7000
1	2000
1	3000
1	4000
1	3000
1	2000
1	3000
1	2000
1	2000
1	3000
1	4000
1	2000
1	2000
1	2000
1	4000
1	4000
1	2000
1	2000
1	1000
1	2000
1	2000
1	2000
1	3000
1	4000
1	2000
1	3000
1	2000
1	2000
1	9000
1	4000
1	3000
1	2000
1	2000
1	3000
1	2000
1	4000
1	2000
1	3000
1	2000
1	4000
1	4000
1	4000
1	4000
1	7000
1	14000
1	29000
1	3000
1	6000
1	15000
1	2000
1	3000
1	4000
1	2000
1	2000
1	3000
1	1000
1	2000
1	2000
1	2000
1	2000
1	7000
1	2000
1	2000
1	3000
1	3000
1	2000
1	4000
1	3000
1	7000
1	2000
