label	length
7	2000
7	2000
7	2000
7	3000
7	2000
7	2000
7	2000
7	3000
7	3000
7	3000
7	4000
7	2000
7	2000
7	2000
7	5000
7	2000
7	3000
7	2000
7	2000
7	3000
7	3000
7	2000
7	2000
7	2000
7	2000
7	2000
7	2000
7	2000
7	3000
7	2000
7	2000
7	2000
7	3000
7	6000
7	3000
7	3000
7	2000
7	2000
7	5000
7	6000
7	2000
7	4000
7	3000
7	3000
7	2000
7	4000
7	2000
7	2000
7	2000
7	2000
7	2000
7	2000
7	8000
7	3000
7	2000
7	2000
7	3000
7	2000
7	6000
7	4000
7	2000
7	2000
7	2000
7	8000
7	2000
7	2000
7	8000
7	7000
7	5000
7	2000
7	2000
7	4000
7	7000
7	2000
7	7000
7	3000
7	4000
7	7000
7	5000
7	3000
7	2000
7	2000
7	2000
7	2000
7	4000
7	9000
7	4000
7	3000
7	2000
7	2000
7	2000
7	2000
7	2000
7	7000
7	2000
7	3000
7	2000
7	2000
7	5000
7	4000
7	2000
7	3000
7	2000
7	7000
7	11000
7	2000
7	4000
7	2000
7	4000
7	2000
7	3000
7	5000
7	7000
7	2000
7	3000
7	2000
7	4000
7	4000
7	3000
7	2000
7	3000
7	8000
7	3000
7	3000
7	10000
7	4000
7	2000
7	2000
7	2000
7	2000
7	2000
7	9000
7	2000
7	2000
7	2000
7	2000
7	3000
7	4000
7	2000
7	11000
7	3000
7	3000
7	5000
7	2000
7	2000
7	2000
7	2000
7	2000
7	4000
7	2000
7	5000
4	2000
4	23000
4	7000
4	3000
4	2000
4	5000
4	3000
4	3000
4	8000
4	4000
4	7000
4	2000
4	5000
4	2000
4	2000
4	15000
4	4000
4	5000
4	6000
4	2000
4	6000
4	5000
4	2000
4	2000
4	2000
4	2000
4	2000
4	2000
4	4000
4	3000
4	3000
4	2000
4	5000
4	3000
4	3000
4	5000
4	5000
4	2000
4	2000
4	7000
4	4000
4	30000
4	3000
4	11000
4	6000
4	3000
4	3000
4	2000
4	2000
4	3000
4	5000
4	2000
4	2000
4	6000
4	4000
4	3000
4	7000
4	2000
4	18000
4	4000
4	2000
4	2000
4	5000
4	2000
4	2000
4	2000
4	3000
4	2000
4	4000
4	7000
4	8000
4	2000
4	4000
4	37000
4	3000
4	8000
4	2000
4	5000
4	2000
4	19000
4	3000
4	5000
4	4000
4	10000
4	2000
4	6000
4	2000
4	2000
4	2000
4	2000
4	3000
4	2000
4	2000
4	14000
4	2000
4	2000
4	3000
4	2000
4	7000
4	7000
4	9000
4	5000
4	3000
4	3000
4	5000
4	5000
4	11000
4	9000
4	2000
4	3000
4	2000
4	2000
4	2000
4	4000
4	2000
4	2000
4	35000
4	4000
4	5000
4	17000
4	2000
4	2000
4	7000
4	19000
4	13000
4	2000
4	2000
4	10000
4	2000
4	2000
4	7000
4	3000
4	2000
4	5000
4	14000
4	9000
4	7000
4	5000
4	15000
4	4000
4	7000
4	7000
4	7000
4	3000
4	2000
4	4000
4	2000
4	4000
4	2000
4	10000
4	2000
4	2000
4	2000
4	2000
4	3000
4	7000
4	3000
4	18000
4	3000
4	2000
4	2000
4	5000
4	3000
4	8000
4	12000
4	5000
4	14000
4	5000
4	37000
4	11000
4	3000
4	9000
4	7000
4	2000
4	2000
4	2000
4	7000
4	2000
4	2000
4	2000
4	4000
4	2000
4	3000
4	5000
4	3000
4	2000
4	3000
4	3000
4	6000
4	3000
4	3000
4	14000
4	4000
4	6000
4	3000
4	4000
1	2000
1	18000
1	28000
1	9000
1	24000
1	5000
1	3000
1	25000
1	8000
1	8000
1	3000
1	7000
1	6000
1	8000
1	5000
1	4000
1	3000
1	2000
1	11000
1	9000
1	2000
1	6000
1	4000
1	2000
1	13000
1	5000
1	8000
1	8000
1	2000
1	4000
1	13000
1	5000
1	25000
1	8000
1	9000
1	43000
1	11000
1	10000
1	23000
1	9000
1	13000
1	18000
1	30000
1	19000
1	13000
1	19000
1	8000
1	14000
1	9000
1	12000
1	49000
1	21000
1	2000
1	12000
1	4000
1	7000
1	4000
1	45000
1	43000
1	36000
1	2000
1	3000
1	5000
1	10000
1	31000
1	2000
1	3000
1	3000
1	3000
1	9000
1	5000
1	2000
1	25000
1	17000
1	3000
1	10000
1	14000
1	1000
1	11000
1	3000
1	2000
1	6000
1	10000
1	6000
1	13000
1	24000
1	2000
1	7000
1	6000
1	2000
1	25000
1	22000
1	12000
1	2000
1	5000
1	3000
1	3000
1	3000
1	6000
1	2000
1	3000
1	3000
1	8000
1	6000
1	5000
1	6000
1	2000
1	4000
1	5000
1	22000
1	18000
1	8000
1	5000
1	3000
1	24000
1	14000
1	66000
1	3000
1	22000
1	15000
1	17000
1	4000
1	2000
1	6000
1	2000
1	9000
1	4000
1	3000
1	3000
1	6000
1	2000
1	3000
1	2000
1	2000
1	3000
1	58000
1	32000
1	3000
1	4000
1	15000
1	69000
1	4000
1	7000
1	5000
1	8000
1	4000
1	11000
1	7000
1	2000
1	5000
1	22000
1	8000
1	39000
1	4000
1	10000
1	2000
1	16000
1	31000
1	3000
1	9000
1	23000
1	8000
1	7000
1	6000
1	3000
1	5000
1	4000
1	2000
1	3000
1	2000
1	6000
1	4000
1	7000
1	5000
1	3000
1	1000
1	11000
1	6000
1	6000
1	5000
1	24000
1	8000
1	3000
1	2000
1	5000
1	3000
1	3000
1	3000
1	5000
1	6000
1	4000
1	2000
1	3000
1	4000
1	3000
1	5000
1	8000
1	5000
1	2000
1	2000
1	16000
1	2000
1	3000
1	21000
1	3000
1	3000
1	7000
1	2000
1	4000
1	24000
1	68000
1	5000
1	13000
1	3000
1	4000
1	1000
1	3000
1	4000
1	6000
1	7000
1	6000
1	5000
1	2000
1	17000
1	12000
1	3000
1	10000
1	7000
1	3000
1	7000
1	1000
1	11000
1	4000
1	2000
1	14000
1	17000
1	12000
1	6000
1	5000
1	2000
1	3000
1	3000
1	15000
1	2000
1	4000
8	3000
8	2000
8	2000
8	2000
8	2000
8	3000
8	2000
8	2000
8	3000
8	2000
8	2000
8	2000
8	4000
8	3000
8	2000
8	4000
8	3000
8	3000
8	2000
8	2000
8	2000
8	2000
8	4000
8	2000
8	2000
8	3000
8	2000
8	3000
8	2000
8	2000
8	4000
8	3000
8	3000
8	3000
8	2000
8	2000
8	3000
8	2000
8	2000
8	2000
8	2000
8	6000
8	2000
8	2000
8	2000
8	2000
8	3000
8	3000
8	3000
8	2000
8	7000
8	3000
8	8000
8	3000
8	3000
8	2000
8	2000
8	2000
8	2000
8	2000
8	2000
8	2000
8	3000
8	2000
8	3000
8	4000
8	2000
8	2000
8	4000
8	2000
8	2000
8	2000
8	4000
8	3000
8	2000
8	2000
8	3000
8	5000
8	2000
8	6000
8	7000
8	2000
8	3000
8	2000
8	2000
8	2000
8	2000
8	3000
8	2000
8	2000
8	2000
8	3000
8	4000
8	5000
8	3000
8	2000
8	2000
8	4000
8	3000
8	3000
8	14000
8	2000
8	2000
8	2000
8	4000
8	6000
8	3000
8	3000
8	2000
8	3000
2	5000
2	4000
2	2000
2	2000
2	4000
2	2000
2	3000
2	1000
2	6000
2	7000
2	4000
2	3000
2	4000
2	2000
2	2000
2	1000
2	3000
2	2000
2	2000
2	2000
2	4000
2	6000
2	3000
2	5000
2	3000
2	1000
2	2000
2	2000
2	1000
2	2000
2	1000
2	2000
2	5000
2	2000
2	2000
2	4000
2	2000
2	1000
2	2000
2	3000
2	2000
2	2000
2	4000
2	2000
2	3000
2	3000
2	2000
2	3000
2	2000
2	1000
2	4000
2	3000
2	2000
2	3000
2	1000
2	2000
2	3000
2	3000
2	4000
2	3000
2	2000
2	2000
2	1000
2	2000
2	5000
2	8000
2	1000
2	2000
2	1000
2	1000
2	5048
2	2000
2	2000
2	4000
2	2000
2	2000
2	2000
2	4000
2	2000
2	1000
2	4000
2	2000
2	1000
2	3000
2	4000
2	2000
2	3000
2	2000
2	5000
2	4000
2	3000
2	2000
2	1000
2	3000
2	9000
2	1000
2	2000
2	8000
2	4000
2	4000
2	2000
2	4000
2	2000
2	2000
2	2000
2	2000
2	1000
2	9000
2	4000
2	4000
2	5000
2	3000
2	2000
2	2000
2	4000
2	7000
2	3000
2	3000
2	2000
2	4000
2	1000
2	4000
2	1000
2	5000
2	2000
2	2000
2	6000
2	4000
2	2000
2	2000
2	2000
2	2000
2	2000
2	1000
2	5000
2	5000
2	2000
2	3000
2	2000
2	1000
2	3000
2	2000
2	2000
2	3000
2	2000
2	4000
2	1000
2	5000
2	3000
2	2000
2	1000
2	5000
2	1000
2	2000
2	1000
2	2000
2	3000
2	1000
2	7000
2	3000
2	3000
2	2000
2	5000
2	4000
2	1000
2	2000
2	2000
2	4000
2	15000
2	4000
2	7000
2	2000
2	5000
2	3000
2	4000
2	7000
2	10000
2	7000
2	13000
2	13000
2	8000
2	3000
2	1000
2	1000
2	2000
2	1000
2	2000
2	4000
2	3000
2	3000
2	1000
2	1000
2	1000
2	2000
2	3000
2	4000
2	1000
2	2000
2	3000
2	1000
2	2000
2	1000
2	2000
2	8000
2	2000
2	2000
2	3000
2	4000
2	2000
2	4000
2	3000
2	2000
2	3000
2	3000
2	2000
2	2000
2	2000
2	1000
2	2000
2	2000
2	2000
2	4000
2	2000
2	1000
2	2000
2	2000
2	2000
2	3000
2	2000
2	3000
2	2000
2	2000
2	1000
2	5000
2	5000
2	2000
2	3000
2	3000
2	3000
2	6000
2	2000
2	9000
2	2000
2	1000
2	2000
2	3000
2	2000
2	2000
2	9000
2	2000
2	11000
2	4000
2	5000
2	3000
2	4000
2	9000
2	3000
2	3000
2	3000
2	3000
2	4000
2	2000
2	3000
2	1000
2	19000
2	1000
2	7000
2	3000
2	3000
2	2000
2	4000
2	13000
2	2000
2	3000
2	5000
2	3000
2	2000
2	3000
2	2000
2	4000
2	1000
2	1000
2	2000
2	2000
2	4000
2	2000
2	2000
2	1000
2	3000
2	2000
2	3000
2	2000
2	2000
2	3000
2	3000
2	3000
2	3000
2	3000
2	2000
2	3000
2	2000
2	4000
2	5000
2	8000
2	3000
2	4000
2	3000
2	2000
2	9000
2	2000
2	1000
2	4000
2	4000
2	4000
2	5000
2	4000
2	2000
2	6000
2	2000
2	3000
2	1000
2	1000
2	3000
2	1000
2	6000
2	4000
2	7000
2	2000
2	4000
2	1000
2	2000
2	2000
2	4000
2	3000
2	4000
2	2000
2	4000
2	2000
2	3000
2	4000
2	2000
2	2000
2	2000
2	2000
2	5000
2	2000
2	4000
2	4000
2	3000
2	2000
2	2000
2	1000
2	3000
2	3000
2	1000
2	4000
2	1000
2	2000
2	3000
2	3000
2	1000
2	3000
2	4000
2	3000
2	1000
2	3000
2	1000
2	2000
2	5000
2	2000
2	4000
2	4000
2	3000
2	2000
2	2000
2	2000
2	1000
2	2000
2	4000
2	1000
2	1000
2	2000
2	1000
2	5000
2	1000
2	3000
2	6000
2	5000
2	3000
2	6000
2	2000
2	2000
2	4000
2	1000
2	4000
2	4000
2	2000
2	2000
2	3000
2	7000
2	3000
2	2000
2	5000
2	4000
2	2000
2	3000
2	3000
2	3000
2	2000
2	7000
2	4000
2	5000
2	2000
2	5000
2	3000
2	4000
2	4000
2	8000
2	6000
2	4000
2	9000
2	7000
2	4000
2	13000
2	11000
2	7000
2	3000
2	5000
2	3000
2	3000
2	4000
2	1000
2	1000
2	5000
2	5000
2	14000
2	8000
2	15000
2	6000
2	6000
2	1000
2	9000
2	7000
2	2000
2	2000
2	29000
2	1000
2	2000
2	4000
2	5000
2	2000
2	7000
2	4000
2	11000
2	3000
2	1000
2	3000
2	2000
2	3000
2	1000
2	4000
2	6000
2	3000
2	1000
2	3000
2	1000
2	2000
2	3000
2	1000
2	5000
2	3000
2	3000
2	7000
2	4000
2	2000
2	8000
2	2000
2	3000
2	3000
2	1000
2	1000
2	3000
2	1000
2	2000
2	3000
2	3000
2	3000
2	3000
2	3000
2	1000
2	4000
2	3000
2	3000
2	2000
2	2000
2	2000
2	3000
2	3000
2	2000
2	3000
2	2000
2	1000
2	4000
2	1000
2	1000
2	2000
2	3000
2	2000
2	1000
2	2000
2	4000
2	2000
2	2000
2	2000
2	2000
2	3000
2	6000
2	2000
2	4000
2	2000
2	2000
2	2000
2	2000
2	3000
2	3000
2	2000
2	5000
2	3000
2	8000
2	1000
2	2000
2	1000
2	2000
2	2000
2	2000
2	2000
2	2000
2	5000
2	3000
2	2000
2	3000
2	15000
2	3000
2	2000
2	4000
2	2000
2	4000
2	3000
2	5000
2	2000
2	2000
2	3000
2	2000
2	16000
2	2000
2	2000
2	2000
2	2000
2	3000
2	2000
2	2000
2	3000
2	2000
2	2000
2	3000
2	2000
2	3000
2	3000
2	1000
2	2000
2	3000
2	1000
2	3000
2	10000
2	5000
2	1000
2	5000
2	7000
2	2000
2	3000
2	3000
2	4000
2	3000
2	4000
2	2000
2	5000
2	1000
2	4000
2	2000
2	3000
2	4000
2	1000
2	5000
2	7000
2	2000
2	3000
2	2000
2	1000
2	2000
2	4000
2	3000
2	10000
2	4000
2	2000
2	13000
2	8000
2	4000
2	2000
2	3000
2	4000
2	4000
2	9000
2	1000
2	4000
2	8000
2	8000
2	3000
2	1000
2	2000
2	6000
2	2000
2	6000
2	4000
2	2000
2	1000
2	6000
2	3000
2	2000
2	4000
2	1000
2	2000
2	2000
2	1000
2	1000
2	1000
2	2000
2	1000
2	3000
2	12000
2	2000
2	3000
2	2000
2	1000
2	3000
2	3000
2	4000
2	2000
2	4000
2	1000
2	2000
2	3000
2	2000
2	2000
2	5000
2	2000
2	6000
2	3000
2	4000
2	7000
2	2000
2	2000
2	1000
2	2000
2	1000
2	6000
2	2000
2	4000
2	3000
2	2000
2	3000
2	9000
2	3000
2	4000
2	6000
2	3000
2	6000
2	6000
2	16000
2	3000
2	8000
2	2000
2	2000
2	2000
2	1000
2	2000
2	3000
2	1000
2	2000
2	1000
2	2000
2	3000
2	5000
2	5000
2	2000
2	1000
2	2000
2	2000
2	2000
2	2000
2	2000
2	2000
2	3000
2	6000
2	2000
2	1000
2	1000
2	1000
2	2000
2	2000
2	2064
2	2000
2	2000
2	9000
2	4000
2	6000
2	1000
2	1000
2	2000
2	4000
2	9000
2	1000
2	2000
2	4000
2	3000
2	1000
2	2000
2	2000
2	6000
2	6000
2	2000
2	2000
2	2000
2	2000
2	2000
2	4000
2	2000
2	3000
2	1002
2	3000
2	5000
2	8000
2	3000
2	5000
2	4000
2	5000
2	3000
2	2000
2	3000
2	2000
2	2000
2	2000
2	3000
2	2000
2	3000
2	2000
2	3000
2	5000
2	11000
2	2000
2	4000
2	18000
2	9000
2	3000
2	4000
2	6000
2	4000
2	4000
2	4000
2	5000
2	3000
2	21000
2	8000
2	4000
2	3000
2	2000
2	2000
2	8000
2	3000
2	5000
2	7000
2	6000
2	6000
2	3000
2	2000
2	4000
2	2000
2	3000
2	2000
2	2000
2	16000
2	5000
2	2000
2	6000
2	5000
2	4000
2	13000
2	2000
2	20000
2	2000
2	2000
2	2000
2	2000
2	3000
2	2000
2	2000
2	2000
2	2000
2	3000
2	2000
2	2000
2	2000
2	2000
2	2000
2	2000
2	3000
2	2000
2	7000
2	2000
2	2000
2	8000
2	4000
2	7000
2	11000
2	7000
2	3000
2	3000
2	2000
2	2000
2	2000
2	14000
2	3000
2	6000
2	3000
2	1000
2	2000
2	1000
2	1000
2	5000
2	6000
2	3000
2	12000
2	2000
2	1000
2	3000
2	13000
2	3000
2	3000
2	3000
2	1000
2	2000
2	4000
2	3000
2	3000
2	3000
2	3000
2	2000
2	2000
2	3000
2	3000
2	3000
2	3000
2	5000
2	1000
2	3000
2	1000
2	3000
2	3000
2	9000
2	2000
2	5000
2	3000
2	3000
2	2000
2	2000
2	4000
2	7000
2	3000
2	3000
2	4000
2	5000
2	6000
2	2000
2	7000
2	2000
2	4000
2	1000
2	2000
2	1000
2	2000
2	1000
2	3000
2	6000
2	2000
2	2000
2	2000
2	2000
2	1000
2	1000
2	2000
2	3000
2	1000
2	1000
2	2000
2	4000
2	2000
2	1000
2	3000
2	2000
2	2000
2	2000
2	2000
2	3000
2	4000
2	1000
2	3000
2	1000
2	1000
2	1000
2	2000
2	3000
2	3000
2	3000
2	6000
2	3000
2	4000
2	2000
2	5000
2	2000
2	3000
2	6000
2	12000
2	2000
2	2000
2	5000
2	1000
2	3000
2	3000
2	4000
2	3000
2	2000
2	3000
2	3000
2	5000
2	3000
2	2000
2	15000
2	11000
2	5000
2	4000
2	4000
2	3000
2	3000
2	5000
2	2000
2	5000
2	2000
2	8000
2	5000
2	2000
2	2000
2	2000
2	4000
2	14000
2	6000
2	2000
2	2000
2	2000
2	1000
2	4000
2	4000
2	3000
2	2000
2	6000
2	2000
2	2000
2	5000
2	2000
2	2000
2	2000
2	1000
2	4000
2	9000
2	2000
2	5000
2	3000
2	2000
2	2000
2	2000
2	4000
2	3000
2	4000
2	4000
2	2000
2	3000
2	8000
2	4000
2	3000
2	4000
2	2000
2	2000
2	3000
2	4000
2	7000
2	5000
2	4000
2	3000
2	2000
2	2000
2	1000
2	2000
2	3000
2	4000
2	3000
2	4000
2	10000
2	1000
2	3000
2	4000
2	2000
2	3000
2	1000
2	3000
2	2000
2	3000
2	5000
2	3000
2	10000
2	2000
2	2000
2	3000
2	30000
2	12000
2	2000
2	6000
2	2000
2	7000
2	2000
2	3000
2	2000
2	4000
2	2000
2	3000
2	6000
2	9000
2	7000
2	7000
2	5000
2	5000
2	2000
2	2000
2	2000
2	11000
2	2000
2	3000
2	5000
2	4000
2	5000
2	2000
2	2000
2	1000
2	3000
2	2000
2	1000
2	1000
2	3000
2	2000
2	2000
2	2000
2	4000
2	7000
2	3000
2	6000
2	2000
2	3000
2	2000
2	4991
2	2000
2	2000
2	2000
2	2000
2	5000
2	5000
2	2000
2	1000
2	3000
2	2000
2	2000
2	2000
2	2000
2	2000
2	3000
2	2000
2	3000
2	2000
2	9000
2	2000
2	2000
2	3000
2	3000
2	2000
2	5000
2	3000
2	3000
2	1000
2	4000
2	5000
2	4000
2	4000
2	2000
2	3000
2	3000
2	4000
2	4000
2	1000
2	3000
2	2000
2	2000
2	1000
2	2000
2	2000
2	1000
2	4000
2	2000
2	2000
2	2000
2	1000
2	7000
2	3000
2	3000
2	2000
2	3000
2	2000
2	4000
2	3000
2	8000
2	2000
2	7000
2	11000
2	4000
2	4000
2	2000
2	2000
2	10000
2	3000
2	4000
2	2000
2	2000
2	5000
2	3000
2	3000
2	1000
2	2000
2	5000
2	2000
2	4000
2	1000
2	4000
2	1000
2	6000
2	5000
2	4000
2	2000
2	27000
2	14000
2	5000
2	3000
2	8000
2	13000
2	4000
2	7000
2	10000
2	16000
2	3000
2	4000
2	2000
2	3000
2	1000
2	2000
2	1000
2	9000
2	4000
2	4000
2	2000
2	4000
2	5000
2	2000
2	2000
2	2000
2	2000
2	2000
2	3000
2	2000
2	4000
2	3000
2	4000
2	1000
2	2000
2	2000
2	2000
2	3000
2	3000
2	2000
2	2000
2	3000
2	3000
2	1000
2	6000
2	5000
2	3000
2	5000
2	3000
2	3000
2	3000
2	6000
2	2000
2	1000
2	1000
2	1000
2	4000
2	1000
2	8000
2	6000
2	1000
2	5000
2	4000
2	4000
2	3000
2	1000
2	2000
2	1000
2	3000
2	2000
2	2000
2	2000
2	9000
2	3000
2	3000
2	12000
2	4000
2	5000
2	2000
2	2000
2	4000
2	3000
2	4000
2	2000
2	2000
2	13000
2	2000
2	2000
2	2000
2	4000
2	4000
2	5000
2	7000
2	6000
2	3000
2	3000
2	10000
2	5000
2	3000
2	2000
2	2000
2	2000
2	2000
2	6000
2	4000
2	1000
2	2000
2	1000
2	1000
2	5000
2	1000
2	2000
2	2000
2	6000
2	6000
2	4000
2	2000
2	2000
2	2000
2	2000
2	5000
2	5000
2	4000
2	5000
2	4000
2	7000
2	4000
2	5000
2	3000
2	3000
2	4000
2	6000
2	4000
2	2000
2	9000
2	3000
2	17000
2	11000
2	4000
2	2000
2	3000
2	4000
2	1000
2	3000
2	6000
2	2000
2	3000
2	2000
2	3000
2	2000
2	2000
2	1000
2	2000
2	1000
2	4000
2	3000
2	2000
2	3000
2	2000
2	2000
2	3000
2	5000
2	4000
2	3000
2	4000
2	3000
2	3000
2	1000
2	3000
2	4000
2	3000
2	4000
2	3000
2	1000
2	5000
2	4000
2	2000
2	4000
2	3000
2	4000
2	3000
2	2000
2	3000
2	1000
2	1000
2	1000
2	6000
2	2000
2	5000
2	8000
2	2000
2	10000
2	2000
2	3000
2	2000
2	9000
2	14000
2	14000
2	5000
2	5000
2	4000
2	16000
2	5000
2	8000
2	1000
2	3000
2	17000
2	1000
2	24000
2	6000
2	1000
2	4000
2	3000
2	9000
2	8000
2	3000
2	1000
2	30000
2	22000
2	16000
2	63000
2	2000
2	8000
2	2000
2	3000
2	4000
2	5000
2	10000
2	3000
2	2000
2	3000
2	3000
2	4000
2	7000
2	7000
2	3000
2	15000
2	3000
2	4000
2	4000
2	5000
2	9000
2	11000
2	22000
2	6000
2	6000
2	8000
2	3000
2	3000
2	2000
2	1000
2	2000
2	3000
2	2000
2	7000
2	2000
2	13000
2	2000
2	7000
2	1000
2	1000
2	6000
2	6000
2	5000
2	7000
2	13000
2	8000
2	2000
2	5000
2	2000
2	4000
2	2000
2	3000
2	2000
2	11000
2	2000
2	2000
2	2000
2	1000
2	3000
2	3000
2	2000
2	2000
2	2000
2	2000
2	1000
2	3000
2	2000
2	2000
2	2000
2	6000
2	3000
2	2000
2	2000
2	5000
2	6000
2	3000
2	13000
2	1000
2	9000
2	1000
2	5000
2	3000
2	3000
2	11000
2	20000
2	7000
2	4000
2	11000
2	4000
2	10000
2	9000
2	2000
2	1000
2	6000
2	4000
2	2000
2	5000
2	1000
2	4000
2	1000
2	10000
2	4000
2	4000
2	1000
2	6000
2	6000
2	3000
2	17000
2	3000
2	2000
2	2000
2	9000
2	21000
2	7000
2	9000
2	11000
2	5000
2	13000
2	15000
2	9000
2	15000
2	7000
2	55000
2	42000
2	19000
2	23000
2	6000
2	27000
2	29000
2	2000
2	3000
2	14000
2	62000
2	19000
2	8000
2	17000
2	11000
2	11000
2	37000
2	2000
2	26000
2	14000
2	6000
2	27000
2	38000
2	6000
2	19000
2	7000
2	1000
2	3000
2	3000
2	4000
2	5000
2	3000
2	2000
2	3000
2	1000
2	2000
2	4000
2	3000
2	1000
2	1000
2	2000
2	4000
2	3000
2	2000
2	3000
2	2000
2	3000
2	2000
2	4000
2	1000
2	2000
2	4000
2	1000
2	3000
2	8000
2	2000
2	8000
2	4000
2	5000
2	2000
2	5000
2	15000
2	2000
2	5000
2	1000
2	6000
2	4000
2	3000
2	4000
2	6000
2	7000
2	6000
2	1000
2	3000
2	5000
2	2000
2	3000
2	1000
2	1000
2	2000
2	2000
2	3000
2	5000
2	7000
2	1000
2	3000
2	5000
2	3000
2	2000
2	3000
2	1000
2	2000
2	5000
2	7000
2	2000
2	2000
2	2000
2	3000
2	2000
2	2000
2	2000
2	4000
2	2000
2	3000
2	3000
2	4000
2	4000
2	2000
2	1000
2	3000
2	2000
2	4000
2	2000
2	2000
2	2000
2	2000
2	2000
2	1000
2	4000
2	5000
2	5000
2	5000
2	2000
2	1000
2	2000
2	1000
2	4000
2	2000
2	8000
2	5000
2	4000
2	3000
2	3000
2	4000
2	1000
2	1000
2	2000
2	2000
2	2000
2	11000
2	1000
2	3000
2	4000
2	4000
2	2000
2	2000
2	2000
2	1000
2	6000
2	1000
2	5000
2	2000
2	1000
2	3000
2	5000
2	1000
2	4000
2	2000
2	2000
2	12000
2	5000
2	6000
2	3000
2	4000
2	1000
2	6000
2	2000
2	2000
2	4000
2	4000
2	3000
2	5000
2	5000
2	4000
2	17000
2	2000
2	3000
2	6000
2	5000
2	3000
2	1000
2	6000
2	12000
2	3000
2	2000
2	2000
2	2000
2	4000
2	3000
2	6000
2	2000
2	4000
2	2000
2	3000
2	5000
2	3000
2	3000
2	1000
2	2000
2	2000
2	5000
2	2000
2	3000
2	2000
2	2000
2	2000
2	1000
2	4000
2	2000
2	4000
2	3000
2	3000
2	3000
2	2000
2	2000
2	2000
2	5000
2	2000
2	2000
2	5000
2	2000
2	4000
2	2000
2	3000
2	1000
2	6000
2	2000
2	2000
2	2000
2	2000
2	2000
2	2000
0	2000
0	2000
0	3000
0	2000
0	2000
0	3000
0	2000
0	4000
0	2000
0	2000
0	2000
0	2000
0	2000
0	2000
0	3000
0	2000
0	4000
0	2000
0	4000
0	2000
0	3000
0	2000
0	3000
0	2000
0	2000
0	2000
0	2000
0	3000
0	2000
0	2000
0	3000
0	2000
0	2000
0	4000
0	2000
0	2000
0	2000
0	2000
0	2000
0	2000
0	2000
0	2000
0	3000
0	2000
0	2000
0	2000
0	3000
0	2000
0	2000
0	3000
0	2000
0	3000
0	2000
0	2000
0	2000
0	2000
0	2000
0	2000
0	2000
0	3000
0	3000
0	2000
0	5000
0	2000
0	6000
0	2000
0	2000
0	4000
0	6000
0	2000
0	2000
0	2000
0	2000
0	2000
0	3000
0	3000
0	2000
0	2000
0	2000
0	8000
0	2000
0	2000
0	2000
0	2000
0	2000
0	3000
0	2000
0	2000
0	2000
0	2000
0	2000
0	5000
0	2000
0	2000
0	3000
0	2000
0	2000
0	2000
0	3000
0	2000
0	2000
0	2000
0	2000
0	2000
0	6000
0	2000
0	2000
0	2000
0	2000
0	2000
0	2000
0	11000
0	2000
0	2000
0	3000
0	2000
0	2000
0	2000
0	2000
0	2000
0	3000
0	2000
0	5000
0	2000
0	2000
0	2000
0	2000
0	2000
0	2000
0	2000
0	3000
0	2000
0	2000
0	3000
0	2000
0	2000
0	2000
0	2000
0	2000
0	2000
0	3000
0	2000
0	3000
0	2000
0	4000
0	2000
0	2000
0	2000
0	2000
0	2000
0	2000
0	2000
0	2000
0	2000
0	4000
0	5000
0	2000
0	2000
0	2000
0	2000
0	2000
0	3000
0	4000
0	2000
0	2000
0	2000
0	4000
0	2000
0	4000
0	2000
9	5000
9	2000
9	2000
9	2000
9	4000
9	4000
9	2000
9	2000
9	2000
9	2000
9	2000
9	2000
9	4000
9	2000
9	3000
9	2000
9	2000
9	2000
9	4000
9	2000
9	3000
9	2000
9	1000
9	2000
9	3000
9	2000
9	4000
9	2000
9	2000
9	2000
9	2000
9	4000
9	2000
9	2000
9	2000
9	7000
9	2000
9	5000
9	2000
9	2000
9	2000
9	2000
9	2000
9	3000
9	2000
9	2000
9	2000
9	4000
9	2000
9	2000
9	5000
9	2000
9	2000
9	2000
9	2000
9	5000
9	2000
9	4000
9	2000
9	2000
9	6000
9	2000
9	3000
9	4000
9	2000
9	3000
9	3000
9	2000
9	2000
9	3000
9	4000
9	5000
9	3000
9	2000
9	8000
9	2000
9	4000
9	2000
9	2000
9	2000
9	2000
9	2000
9	2000
9	2000
9	4000
9	2000
9	2000
9	2000
9	2000
9	2000
9	2000
9	2000
9	2000
9	2000
9	4000
9	3000
9	2000
9	3000
9	4000
9	2000
9	4000
9	2000
9	2000
9	2000
9	3000
9	2000
9	2000
9	2000
9	2000
9	2000
9	2000
9	2000
9	2000
9	2000
9	5000
9	2000
9	2000
9	2000
9	2000
9	2000
9	2000
9	2000
9	2000
9	4000
9	2000
9	3000
9	2000
9	2000
9	2000
9	2000
9	4000
9	2000
9	2000
9	2000
9	2000
9	3000
9	2000
9	2000
9	2000
9	3000
9	2000
9	2000
9	3000
9	2000
9	2000
9	3000
9	3000
9	3000
9	2000
9	2000
9	2000
9	7000
9	5000
9	4000
9	2000
9	2000
9	2000
9	2000
9	2000
9	2000
9	3000
9	2000
9	2000
9	2000
9	2000
9	2000
9	2000
9	3000
9	3000
9	2000
9	3000
9	3000
9	2000
9	2000
9	3000
9	7000
9	2000
9	3000
9	2000
9	2000
9	2000
9	2000
9	2000
9	4000
9	2000
9	2000
9	2000
9	2000
9	2000
9	2000
9	4000
9	2000
9	4000
9	2000
9	4000
9	2000
9	2000
9	2000
9	3000
9	4000
9	2000
9	2000
9	2000
9	2000
9	2000
9	2000
9	2000
9	3000
9	3000
9	2000
9	2000
9	2000
9	3000
9	4000
9	3000
9	2000
9	2000
9	2000
9	2000
9	4000
9	2000
9	2000
9	2000
9	3000
9	3000
9	2000
9	3000
9	2000
9	3000
9	2000
9	2000
9	3000
9	3000
9	2000
9	3000
9	2000
9	4000
9	2000
9	2000
9	2000
9	4000
9	2000
9	2000
9	3000
9	2000
9	2000
9	3000
9	2000
9	2000
9	2000
9	2000
9	2000
9	5000
9	2000
9	2000
9	3000
9	3000
9	2000
9	2000
9	2000
9	3000
9	2000
9	5000
9	3000
9	2000
9	2000
9	3000
9	6000
9	4000
9	4000
9	2000
9	4000
9	2000
9	2000
9	2000
9	7000
9	2000
9	2000
9	2000
9	2000
9	3000
9	2000
9	2000
9	2000
9	2000
9	4000
9	3000
9	2000
9	3000
9	2000
9	2000
9	3000
9	5000
9	2000
9	2000
9	2000
9	3000
9	2000
9	2000
9	2000
9	2000
9	2000
9	2000
9	3000
9	2000
9	2000
9	2000
9	2000
9	2000
9	6000
9	2000
9	2000
9	2000
9	4000
9	4000
9	5000
9	3000
9	3000
9	2000
9	2000
9	4000
9	5000
9	2000
9	2000
9	2000
9	2000
9	2000
9	3000
9	3000
9	5000
9	2000
9	2000
9	3000
9	4000
9	3000
9	5000
9	3000
9	5000
9	2000
9	2000
9	2000
9	3000
9	2000
9	2000
9	2000
9	2000
9	2000
9	2000
9	2000
9	2000
9	2000
9	4000
9	4000
9	3000
9	2000
9	2000
9	2000
9	2000
9	2000
9	2000
9	3000
9	2000
9	4000
9	1000
9	4000
9	2000
9	2000
9	2000
9	4000
9	2000
9	2000
9	2000
9	2000
9	2000
9	2000
9	2000
9	2000
9	2000
9	3000
9	4000
9	2000
9	6000
9	4000
9	2000
9	2000
9	2000
9	3000
9	2000
9	2000
9	2000
9	3000
9	5000
9	3000
9	2000
9	3000
9	3000
9	2000
9	2000
9	4000
9	2000
9	4000
9	3000
9	8000
9	2000
9	2000
9	2000
9	2000
9	2000
9	2000
9	3000
9	4000
9	3000
9	2000
9	2000
9	4000
9	2000
9	2000
9	2000
9	3000
9	5000
9	4000
9	3000
9	2000
9	2000
9	2000
9	4000
9	2000
9	2000
9	2000
9	2000
9	3000
9	2000
9	5000
9	2000
9	3000
9	2000
9	2000
9	2000
9	2000
9	2000
9	2000
9	2000
9	2000
9	2000
9	5000
9	5000
9	2000
9	3000
9	2000
9	2000
9	2000
9	2000
9	2000
9	2000
9	4000
9	3000
9	4000
9	2000
9	2000
9	2000
9	2000
9	2000
9	2000
9	2000
9	5000
9	2000
9	4000
9	2000
9	4000
9	2000
9	2000
9	2000
9	2000
9	3000
9	4000
9	3000
9	2000
9	2000
9	2000
9	3000
9	2000
9	2000
9	3000
9	8000
9	3000
9	2000
9	2000
9	6000
9	2000
9	2000
9	2000
9	2000
9	3000
9	4000
9	2000
9	3000
9	2000
9	2000
9	2000
9	2000
9	5000
9	2000
9	2000
9	2000
9	2000
9	2000
9	3000
9	2000
9	1590
6	4000
6	2000
6	4000
6	9000
6	17000
6	1000
6	6000
6	2000
6	4000
6	3000
6	2000
6	2000
6	8000
6	9000
6	4000
6	6000
6	1000
6	2000
6	4000
6	3000
6	8000
6	10000
6	3000
6	15000
6	2000
6	4000
6	8000
6	6000
6	2000
6	3000
6	8000
6	11000
6	11000
6	20000
6	10000
6	6000
6	1000
6	6000
6	17000
6	4000
6	2000
6	4000
6	9000
6	4000
6	15000
6	5000
6	22000
6	12000
6	6000
6	15000
6	3000
6	4000
6	10000
6	11000
6	8000
6	10000
6	6000
6	9000
6	3000
6	4000
6	5000
6	12000
6	7000
6	3000
6	4000
6	26000
6	2000
6	9000
6	3000
6	22000
6	10000
6	2000
6	4000
6	7000
6	5000
6	4000
6	2000
6	8000
6	3000
6	15000
6	3000
6	13000
6	6000
6	7000
6	8000
6	6000
6	2000
6	13000
6	3000
6	9000
6	3000
6	4000
6	7000
6	9000
6	7000
6	2000
6	26000
6	2000
6	3000
6	4000
6	2000
6	2000
6	6000
6	13000
6	3000
6	1000
6	3000
6	11000
6	2000
6	1000
6	14000
6	6000
6	2000
6	3000
6	21000
6	3000
6	4000
6	3000
6	4000
6	4000
6	12000
6	3000
6	3000
6	7000
6	8000
6	10000
6	7000
6	10000
6	11000
6	5000
6	15000
6	6000
6	4000
6	18000
6	3000
6	7000
6	3000
6	1000
6	11000
6	4000
6	7000
6	9000
6	43000
6	14000
6	14000
6	15000
6	11000
6	7000
6	16000
6	3000
6	5000
6	3000
6	4000
6	16000
6	3000
6	15000
6	3000
6	9000
6	7000
6	2000
6	3000
6	4000
6	5000
6	10000
6	2000
6	4000
6	4000
6	8000
6	4000
6	5000
6	7000
6	9000
6	13000
6	4000
6	6000
6	2000
6	11000
6	3000
6	7000
6	6000
6	8000
6	3000
6	3000
6	1000
6	1000
6	2000
6	10000
6	2000
6	4000
6	4000
6	4000
6	2000
6	1000
6	7592
6	2000
6	8000
6	1000
6	2000
6	2000
6	2000
6	3000
6	5000
6	2000
6	2000
6	3000
6	7000
6	4000
6	1000
6	2000
6	2000
6	2000
6	9000
6	3000
6	6000
6	1000
6	4000
6	2000
6	6000
6	2000
6	2000
6	3000
6	6000
6	3000
6	4000
6	2000
6	4000
6	1000
6	3000
6	2000
6	2000
6	9000
6	3000
6	2000
6	3000
6	3000
6	1000
6	1000
6	5000
6	3000
6	3000
6	2000
6	2000
6	2000
6	4000
6	6000
6	6000
6	3000
6	2000
6	2000
6	9000
6	4000
6	4000
6	4000
6	8000
6	5000
6	7000
6	3000
6	4000
6	2000
6	3000
6	9000
6	7000
6	8000
6	20000
6	7000
6	2000
6	2000
6	3000
6	4000
6	21000
6	6000
6	2000
6	5000
6	1000
6	3000
6	3000
6	2000
6	3000
6	3000
6	3000
6	9000
6	3000
6	2000
6	6000
6	8000
6	3000
6	9000
6	2000
6	2000
6	2000
6	2000
6	1000
6	4000
6	9000
6	3000
6	2000
6	6000
6	5000
6	8000
6	3000
6	4000
6	1000
6	1000
6	11000
6	9000
6	5000
6	6000
6	8000
6	1000
6	3000
6	3000
6	2000
6	5000
6	5000
6	2000
6	1000
6	2000
6	4000
6	2000
6	10000
6	7000
6	9000
6	3000
6	8000
6	4000
6	12000
6	5000
6	4000
6	12000
6	16000
6	4000
6	3000
6	5000
6	5000
6	1000
6	4000
6	3000
6	6000
6	11000
6	30000
6	1000
6	2000
6	3000
6	9000
6	2000
6	7000
6	2000
6	2000
6	2000
6	6000
6	2000
6	6000
6	2000
6	2000
6	2000
6	2000
6	1000
6	5000
6	3000
6	3000
6	2000
6	2000
6	3000
6	2000
6	4000
6	2000
6	3000
6	2000
6	2000
6	2000
6	4000
6	3000
6	5000
6	7000
6	5000
6	5000
6	6000
6	9000
6	2000
6	2000
6	1000
6	2000
6	4000
6	3000
6	1000
6	15000
6	2000
6	8000
6	5000
6	14000
6	3000
6	10000
6	7000
6	4000
6	11000
6	3000
6	3000
6	5000
6	3000
6	3000
6	3000
6	4000
6	5000
6	2000
6	4000
6	6000
6	7000
6	2000
6	2000
6	8000
6	4000
6	2000
6	2000
6	3000
6	2000
6	2000
6	3000
6	3000
6	2000
6	6000
6	5000
6	1000
6	4000
6	3000
6	3000
6	5000
6	3000
6	2000
6	4000
6	4000
6	2000
6	2000
6	7000
6	3000
6	2000
6	5000
6	3000
6	3000
6	3000
6	8000
6	6000
6	3000
6	7000
6	6000
6	3000
6	2000
6	2000
6	9000
6	3000
6	2000
6	4000
6	5000
6	4000
6	4000
6	3000
6	5000
6	2000
6	3000
6	5000
6	2000
6	3000
6	3000
6	6000
6	20000
6	1000
6	3000
6	2000
6	2000
6	2000
6	2000
6	4000
6	5000
6	7000
6	4000
6	4000
6	4000
6	4000
6	3000
6	2000
6	3000
6	2000
6	2000
6	7000
6	3000
6	4000
6	7000
6	2000
6	2000
6	6000
6	2000
6	1000
6	2000
6	2000
6	2000
6	2000
6	2000
6	3000
6	5000
6	4000
6	4000
6	4000
6	2000
6	1000
6	5000
6	5000
6	4000
6	3000
6	8000
6	5000
6	9000
6	6000
6	3000
6	2000
6	2000
6	3000
6	1000
6	1000
6	3000
6	5000
6	20000
6	4000
6	6000
6	3000
6	1000
6	2000
6	6000
6	17000
6	3000
6	5000
6	1000
6	5000
6	2000
6	2000
6	2000
6	4000
6	2000
6	3000
6	4000
6	5000
6	2000
6	2000
6	5000
6	3000
6	7000
6	9000
6	3000
6	4000
6	4000
6	1000
6	3000
6	5000
6	6000
6	19000
6	3000
6	6000
6	4000
6	5000
6	4000
6	4000
6	7000
6	8000
6	3000
6	3000
6	10000
6	5000
6	6000
6	25000
6	7000
6	3000
6	4000
6	2000
6	7000
6	3000
6	5000
6	10000
6	7000
6	5000
6	8000
6	11000
6	3000
6	8000
6	12000
6	3000
6	1000
6	4000
6	4000
6	3000
6	8000
6	8000
6	6000
6	3000
6	3000
6	3000
6	19000
6	22000
6	6000
6	9000
6	8000
6	11000
6	12001
6	3000
6	3000
6	10000
6	1000
6	1000
6	2000
6	3000
6	4000
6	2000
6	3000
6	7000
6	2000
6	4000
6	15000
6	12000
6	2000
6	3000
6	1000
6	2000
6	2000
6	4000
6	6000
6	4000
6	3000
6	2000
6	4000
6	2000
6	4000
6	5000
6	8000
6	3000
6	2000
6	1000
6	7000
6	5000
6	4000
6	3000
6	6000
6	3000
6	10000
6	2000
6	2000
6	1000
6	3000
6	2000
6	3000
6	2000
6	1000
6	3000
6	3000
6	2000
6	2000
6	3000
6	2000
6	7000
6	9000
6	4000
6	12000
6	3000
6	6000
6	3000
6	3000
6	4000
6	12000
6	10000
6	1000
6	2000
6	3000
6	5000
6	6000
6	7000
6	3000
6	10000
6	2000
6	13000
6	6000
6	7000
6	7000
6	2000
6	4000
6	2000
6	2000
6	4000
6	13000
6	24000
6	8000
6	4000
6	5000
6	2000
6	12000
6	7000
6	3000
6	6000
6	3000
6	5000
6	9000
6	10000
6	3000
6	3000
6	8000
6	1000
6	5000
6	3000
6	3000
6	12000
6	7000
6	2000
6	4000
6	18000
6	3000
6	5000
6	3000
6	8000
6	5000
6	4000
6	2000
6	29000
6	2000
6	5000
6	10000
6	13000
6	7000
6	10000
6	31000
6	1000
6	3000
6	8000
6	2000
6	3000
6	8000
6	1000
6	3000
6	6000
6	2000
6	4000
6	2000
6	5000
6	8000
6	3000
6	6000
6	8000
6	16000
6	8000
6	3000
6	3000
6	7000
6	3000
6	2000
6	4000
6	12000
6	1000
6	6000
6	5000
6	5000
6	3000
6	4000
6	5000
6	3000
6	3000
6	5000
6	2000
6	17000
6	3000
6	3000
6	3000
6	4000
6	3000
6	3000
6	3000
6	4000
6	3000
6	3000
6	2000
6	2000
6	3000
6	2000
6	4000
6	3000
6	3000
6	9000
6	4000
6	2000
6	3000
6	6000
6	7000
6	4000
6	5000
6	2000
6	6000
6	9000
6	2000
6	4000
6	6000
6	7000
6	2000
6	6000
6	4000
6	17000
6	3000
6	1000
6	1000
6	4000
6	5000
6	4000
6	4000
6	4000
6	7000
6	3000
6	1000
6	5000
6	4000
6	2000
6	6000
6	5000
6	5000
6	4000
6	6000
6	4000
6	3000
6	2000
6	4000
6	5000
6	2000
6	6000
6	2000
6	6000
6	4000
6	2000
6	13000
6	2000
6	8000
6	8876
6	4000
6	1000
6	5000
6	1000
6	5000
6	16000
6	3000
6	4000
6	2000
6	2000
6	16000
6	6000
6	3000
6	7000
6	2000
6	3000
6	1000
6	4000
6	2000
6	6000
6	2000
6	2000
6	4000
6	3000
6	3000
6	2000
6	3000
6	4000
6	1000
6	2000
6	11000
6	2000
6	1000
6	3000
6	2000
6	2000
6	7000
6	3000
6	6000
6	3000
6	2000
6	4000
6	1000
6	5000
6	1000
6	7000
6	6000
6	2000
6	7000
6	2000
6	3000
6	1000
6	10000
6	4000
6	3000
6	4000
6	4000
6	6000
6	9000
6	1000
6	2000
6	3000
6	3000
6	8000
6	2000
6	15000
6	3000
6	9000
6	6000
6	3000
6	5000
6	2000
6	5000
6	12000
6	14000
6	7000
6	5000
6	2000
6	13000
6	20000
6	3000
6	5000
6	3000
6	3000
6	12000
6	6000
6	2000
6	4000
6	5000
6	13000
6	10000
6	3000
6	2000
6	6000
6	3000
6	3000
6	5000
6	2000
6	2000
6	2000
6	7000
6	26000
6	6000
6	3000
6	9000
6	3000
6	7000
6	14000
6	5000
6	3000
6	3000
6	2000
6	4000
6	3000
6	4000
6	9000
6	7000
6	7000
6	12000
6	31000
6	12000
6	7000
6	4000
6	15000
6	3000
6	1000
6	10000
6	3000
6	10000
6	3000
6	1000
6	2000
6	8000
6	4000
6	8000
6	8000
6	3000
6	7000
6	4000
6	10000
6	17000
6	4000
6	2000
6	6000
6	9000
6	5000
6	5000
6	5000
6	3000
6	13000
6	2000
6	2000
6	2000
6	4000
6	1000
6	9000
6	3000
6	9000
6	4000
6	3000
6	4000
6	1000
6	3000
6	5000
6	4000
6	3000
6	3000
6	11000
6	3000
6	3000
6	3000
6	3000
6	3000
6	5000
6	14000
6	2000
6	9000
6	5000
6	14000
6	2000
6	5000
6	8000
6	1000
6	6000
6	6000
6	4000
6	7000
6	7000
6	2000
6	4000
6	3000
6	8000
6	1000
6	4000
6	2000
6	2000
6	3000
6	3000
6	2000
6	12000
6	2000
6	2000
6	7000
6	3000
6	2000
6	7000
6	2000
6	4000
6	14000
6	9000
6	5000
6	4000
6	8000
6	9000
6	4000
6	1000
6	8000
6	4000
6	6000
6	9000
6	2000
6	2000
6	2000
6	3000
6	4000
6	3000
6	3000
6	2000
6	2000
6	3000
6	4000
6	1000
6	10000
6	5000
6	4000
6	4000
6	6000
6	3000
6	6000
6	6000
6	3000
6	7000
6	13000
6	3000
6	8000
6	6000
6	2000
6	5000
6	3000
6	3000
6	2000
6	2000
6	4000
6	2000
6	2000
6	11000
6	2000
6	3000
6	4000
6	2000
6	2000
6	2000
6	4000
6	1000
6	8000
6	6000
6	5000
6	8000
6	5000
6	3000
6	3000
6	2000
6	5000
6	3000
6	1000
6	2000
6	2000
6	4000
6	2000
6	2000
6	3000
6	4000
6	6000
6	8000
6	2000
6	3000
6	14000
6	3000
6	6000
6	23000
6	2000
6	5000
6	4000
6	5000
6	3000
6	8000
6	5000
6	4000
6	5000
6	2000
6	2000
6	1000
6	2000
6	1000
6	2000
6	3000
6	2000
6	3000
6	7000
6	6000
6	4000
6	2000
6	4000
6	2000
6	3000
6	2000
6	2000
6	2000
6	1000
6	1000
6	2000
6	1000
6	3000
6	3000
6	5000
6	2000
6	2000
6	2000
6	6000
6	4000
6	9000
6	2000
6	8000
6	5000
6	7000
6	4000
6	2000
6	4000
6	6000
6	2000
6	2000
6	2000
6	3000
6	6000
6	3000
6	2000
6	2000
6	12000
6	2000
6	2000
6	3000
6	4000
6	2000
6	3000
6	26000
6	9000
6	1000
6	4000
6	6000
6	2000
6	3000
6	3000
6	4000
6	8000
6	4000
6	6000
6	4000
6	10000
6	3000
6	5000
6	4000
6	3000
6	2000
6	2000
6	8000
6	4000
6	11000
6	13000
6	2000
6	2000
6	3000
6	3000
6	9000
6	14000
6	4000
6	1000
6	2000
6	4000
6	4000
6	4000
6	13000
6	2000
6	7000
6	4000
6	2000
6	7000
6	4000
6	12000
6	4000
6	2000
6	5000
6	10000
6	10000
6	12000
6	6000
6	2000
6	7000
6	4000
6	8000
6	7000
6	7000
6	13000
6	10000
6	6000
6	4000
6	2000
6	1000
6	6000
6	4000
6	6000
6	1000
6	17000
6	12000
6	2000
6	2000
6	12000
6	8000
6	4000
6	7000
6	4000
6	2000
6	2000
6	3000
6	14000
6	2000
6	8000
6	10000
6	4000
6	2000
6	8000
6	9000
6	3000
6	21000
6	2000
6	4000
6	6000
6	8000
6	10000
6	2000
6	3000
6	14000
6	6000
6	10000
6	2000
6	3000
6	16000
6	6000
6	2000
6	17000
6	20000
6	3000
6	7000
6	7000
6	5000
6	1000
6	5000
6	2000
6	2000
6	16000
6	3000
6	12000
6	2000
6	4000
6	7000
6	5000
6	5000
6	3000
6	7000
6	3000
6	5000
6	5000
6	7000
6	4000
6	3000
6	3000
6	9000
6	2000
6	7000
6	1000
6	1000
6	3000
6	4000
6	2000
6	3000
6	3000
6	5000
6	2000
6	2000
6	3000
6	9000
6	4000
6	2000
6	2000
6	7000
6	1000
6	2000
6	3000
6	4000
6	2000
6	12000
6	6000
6	15000
6	4000
6	8000
6	7000
6	5000
6	4000
6	14000
6	6000
6	3000
6	6000
6	5000
6	6000
6	2000
6	4000
6	2000
6	2000
6	2000
6	2000
6	2000
6	5000
6	3000
6	3000
6	4000
6	6000
6	3000
6	5000
6	2000
6	3000
6	4000
6	3000
6	5000
6	1000
6	6000
6	4000
6	6000
6	5000
6	6000
6	2000
6	2000
6	3000
6	1000
6	3000
6	5000
6	1000
6	1000
6	3000
6	1000
6	2000
6	2000
6	4000
6	4000
6	3000
6	15000
6	7000
6	2000
6	8000
6	2000
6	3000
6	7000
6	5000
6	9000
6	8000
6	3000
6	3000
6	3000
6	2000
6	2000
6	2000
6	3000
6	10000
6	3000
6	9000
6	7000
6	3000
6	3000
6	4000
6	2000
6	3000
6	5000
6	1000
6	3000
6	4000
6	5000
6	6000
6	3000
6	3000
6	7000
6	4000
6	4000
6	2000
6	2000
6	6000
6	2000
6	4000
6	3000
6	3000
6	3000
6	3000
6	2000
6	2000
6	4000
6	1000
6	4000
6	3000
6	5000
6	11000
6	1000
6	3000
6	5000
6	2000
6	4000
6	5000
6	3000
6	4000
6	2000
6	3000
6	2000
6	2000
6	3000
6	5000
6	3000
6	7000
6	6000
6	2000
6	3000
6	3000
6	10000
6	4000
6	2000
6	4000
6	6000
6	2000
6	2000
6	2000
6	3000
6	3000
6	4000
6	2000
6	3000
6	3000
6	2000
6	2000
6	1000
6	2000
6	9000
6	2000
6	2000
6	2000
6	2000
6	3000
6	4000
6	3000
6	3000
6	6000
6	6000
6	3000
6	3000
6	2000
6	2000
6	3000
6	3000
6	4000
6	8000
6	8000
6	1000
6	2000
6	3000
6	2000
6	3000
6	2000
6	9000
6	5000
6	3000
6	12000
6	3000
6	2000
6	9000
6	2000
6	3000
6	4000
6	2000
6	4000
6	4000
6	3000
6	1000
6	21000
6	2000
6	11000
6	10000
6	4000
6	9000
6	4000
6	6000
6	5000
6	2000
6	2000
6	4000
6	2000
6	2000
6	3000
6	2000
6	2000
6	4000
6	2000
6	4000
6	1000
6	2000
6	5000
6	4000
6	2000
6	7000
6	3000
6	3000
6	3000
6	5000
6	3000
6	3000
6	2000
6	3000
6	4000
6	6000
6	5000
6	5000
6	2000
6	2000
6	1000
6	14000
6	2000
6	5000
6	4000
6	9000
6	2000
6	2000
6	4000
6	2000
6	9000
6	8000
6	5000
6	3000
6	3000
6	3000
6	25000
6	4000
6	6000
6	7000
6	12000
6	11000
6	10000
6	19000
6	10000
6	6000
6	4000
6	8000
6	2000
6	3000
6	10000
6	3000
6	6000
6	14000
6	11000
6	13000
6	6000
6	6000
6	16000
6	8000
6	9000
6	3000
6	2000
6	2000
6	1000
6	1000
6	4000
6	1000
6	1000
6	4000
6	2000
6	4000
6	2000
6	3000
6	6000
6	2000
6	3000
6	4000
6	3000
6	6000
6	3000
6	23000
6	2000
6	3000
6	4000
6	3000
6	3000
6	6000
6	2000
6	2000
6	2000
6	12000
6	6000
6	7000
6	2000
6	7000
6	6000
6	7000
6	3000
6	3000
6	3000
6	7000
6	2000
6	3000
6	3000
6	2000
6	2000
6	1000
6	4000
6	4000
6	3000
6	3000
6	6000
6	5000
6	3000
6	9000
6	3000
6	9000
6	9000
6	3000
6	15000
6	5000
6	5000
6	4000
6	3000
6	11000
6	20000
6	7000
6	5000
6	8000
6	8000
6	14000
6	10000
6	2000
6	1000
6	2000
6	3000
6	2000
6	14000
6	4000
6	2000
6	5000
6	15000
6	17000
6	7000
6	2000
6	2000
6	2000
6	3000
6	13000
6	4000
6	4000
6	3000
6	2000
6	4000
6	16000
6	4000
6	3000
6	10000
6	4000
6	1000
6	18000
6	2000
6	3000
6	8000
6	4000
6	1000
6	4000
6	9000
6	5000
6	4000
6	4000
6	4000
6	3000
6	4000
6	13000
6	3000
6	3000
6	7000
6	4000
6	6000
6	4000
6	10000
6	2000
6	15000
6	3000
6	5000
6	1000
6	2000
6	11000
6	1000
6	4000
6	4000
6	3000
6	6000
6	4000
6	5000
6	3000
6	5000
6	7000
6	5000
6	4000
6	3000
6	3000
6	2000
6	5000
6	2000
6	1000
6	2000
6	3000
6	4000
6	6000
6	10000
6	3000
6	1000
6	3000
6	7000
6	8000
6	3000
6	4000
6	3000
6	2000
6	7000
6	2000
6	1000
6	2000
6	4000
6	3000
6	2000
6	3000
6	1000
6	2000
6	4000
6	3000
6	10000
6	14000
6	4000
6	2000
6	11000
6	3000
6	4000
6	3000
6	5000
6	4000
6	1000
6	1000
6	424
6	6000
6	16000
6	22000
6	14000
6	3000
6	2000
6	3000
6	11000
6	8000
6	1000
6	7000
6	5000
6	5000
6	8000
6	5000
6	5000
6	5000
6	2000
6	5000
6	9000
6	3000
6	1000
6	7000
6	9000
6	30000
6	9000
6	8000
6	8000
6	15000
6	2000
6	7000
6	5000
6	3000
6	8000
6	6000
6	5000
6	7000
6	6000
6	8000
6	4000
6	2000
6	2000
6	18000
6	5000
6	5000
6	2000
6	2000
6	1000
6	4000
6	4000
6	4000
6	16000
6	2000
6	1000
6	2000
6	1000
6	3000
6	1000
6	3000
6	3000
6	1000
6	4000
6	2000
6	5000
6	1000
6	3000
6	1000
6	8000
6	2000
6	4000
6	3000
6	4000
6	2000
6	3000
6	2000
6	2000
6	1000
6	4000
6	2000
6	1000
6	2000
6	7000
6	4000
6	1000
6	1000
6	2000
6	2000
6	2000
6	3000
6	8000
6	14000
6	3000
6	4000
6	7000
6	28000
6	13000
6	2000
6	9000
6	1000
6	9000
6	8000
6	4000
6	3000
6	5000
6	1000
6	9000
6	3000
6	4000
6	9000
6	7000
6	3000
6	3000
6	6000
6	2000
6	4000
6	3000
6	2000
6	5000
6	3000
6	2000
6	3000
6	2000
6	2000
6	2000
6	2000
6	3000
6	5000
6	6000
6	5000
6	8000
6	3000
6	4000
6	10000
6	8000
6	2000
6	4000
6	4000
6	5000
6	3000
6	6000
6	3000
6	2000
6	1000
6	4000
6	3000
6	1000
6	2000
6	2000
6	3000
6	4000
6	5000
6	5000
6	4000
6	3000
6	3000
6	2000
6	2000
6	5000
6	2000
6	2000
6	3000
6	2000
6	7000
6	5000
6	4000
6	2000
6	2000
6	4000
6	3000
6	3000
6	2000
6	4000
6	4000
6	2000
6	4000
6	2000
6	2000
6	2000
6	5000
6	3000
6	3000
6	2000
6	2000
6	5000
6	8000
6	3000
6	2000
6	2000
6	3000
6	1000
6	4000
6	3000
6	5000
6	2000
6	3000
6	1000
6	6000
6	2000
6	1000
6	7000
6	10000
6	3000
6	9000
6	5000
6	2000
6	2000
6	5000
6	7000
6	4000
6	9000
6	15000
6	3000
6	5000
6	3000
6	4000
6	2000
6	3000
6	3000
6	1426
6	4000
6	1000
6	2000
6	2000
6	2000
6	3000
6	1000
6	2000
6	1000
6	2000
6	2000
6	1000
6	1000
6	2000
6	2000
6	1000
6	3000
6	5000
6	5000
6	4000
6	7000
6	13000
6	24000
6	5000
6	2000
6	9000
6	4000
6	3000
6	16000
6	5000
6	8000
6	6000
6	9000
6	3000
6	5000
6	21000
6	2000
6	2000
6	7000
6	4000
6	10000
6	4000
6	4000
6	3000
6	8000
6	6000
6	7000
6	9000
6	3000
6	4000
6	13000
6	4000
6	12000
6	2000
6	7000
6	3000
6	2000
6	4000
6	4000
6	2000
6	5000
6	5000
6	4000
6	4000
6	4000
6	2000
6	2000
6	9000
6	4000
6	3000
6	2000
6	2000
6	2000
6	11000
6	9000
6	6000
6	2000
6	3000
6	5000
6	6000
6	2000
6	5000
6	1000
6	12000
6	4000
6	3000
6	4000
6	6000
6	4000
6	3000
6	4000
6	26000
6	6000
6	11000
6	8000
6	7000
6	3000
6	16000
6	2000
6	3000
6	4000
6	2000
6	3000
6	3000
6	4000
6	4000
6	3000
6	4000
6	1000
6	2000
6	3000
6	2000
6	2000
6	3000
6	1000
6	2000
6	2000
6	2000
6	1000
6	4000
6	3000
6	3000
6	9000
6	4000
6	8000
6	3000
6	4000
6	3000
6	2000
6	2000
6	3000
6	6000
6	1000
6	2000
6	2000
6	2000
6	3000
6	3000
6	14000
6	3000
6	1000
6	2000
6	3000
6	2000
6	4000
6	10000
6	3000
6	1000
6	4000
6	6000
6	5000
6	4000
6	2000
6	2000
6	11000
6	10000
6	5000
6	1000
6	1000
6	3000
6	2000
6	1000
6	8000
6	8000
6	4000
6	5000
6	2000
6	5000
6	2000
6	3000
6	9000
6	3000
6	3000
6	8000
6	4000
6	2000
6	4000
6	6000
6	2000
6	2000
6	9000
6	4000
6	3000
6	2000
6	7000
6	2000
6	4000
6	18000
6	2000
6	3000
6	2000
6	1000
6	1000
6	5000
6	3000
6	5000
6	3000
6	1000
6	4000
6	6000
6	1000
6	3000
6	1000
6	2000
6	4000
6	7000
6	4000
6	8000
6	7000
6	7000
6	3000
6	2000
6	3000
6	5000
6	7000
6	4000
6	4000
6	3000
6	1000
6	2000
6	8000
6	3000
6	4000
6	5000
6	6000
6	7000
6	8000
6	9000
6	4000
6	3000
6	7000
6	9000
6	19000
6	6000
6	1000
6	6000
6	3000
6	16000
6	3000
6	1000
6	4000
6	2000
6	5000
6	2000
6	4000
6	2000
6	3000
6	7000
6	4000
6	4000
6	15000
6	2000
6	4000
6	7000
6	3000
6	4000
6	4000
6	3000
6	11000
6	9000
6	4000
6	2000
6	8000
6	5000
6	2000
6	3000
6	3000
6	1000
6	4000
6	2000
6	3000
6	1000
6	2000
6	4000
6	5000
6	3000
6	8000
6	6000
6	6000
6	4000
6	4000
6	2000
6	3000
5	2000
5	8000
5	3000
5	6000
5	3000
5	2000
5	2000
5	3000
5	2000
5	6000
5	7000
5	6000
5	4000
5	3000
5	3000
5	1000
5	3000
5	6000
5	2000
5	2000
5	2000
5	2000
5	3000
5	8000
5	2000
5	2000
5	24000
5	2000
5	3000
5	3000
5	1000
5	5000
5	4000
5	2000
5	2000
5	12000
5	4000
5	8000
5	2000
5	2000
5	3000
5	7000
5	1000
5	6000
5	1000
5	2000
5	4000
5	2000
5	2000
5	1000
5	2000
5	3000
5	3000
5	1000
5	2000
5	3000
5	3000
5	2000
5	2000
5	4000
5	12000
5	2000
5	6000
5	2000
5	2000
5	2000
5	4000
5	1000
5	9000
5	5000
5	5000
5	13000
5	3000
5	1000
5	12000
5	10000
5	8000
5	7000
5	9000
5	15000
5	3000
5	5000
5	15000
5	4000
5	5000
5	2000
5	16000
5	6000
5	3000
5	7000
5	5000
5	28000
5	6000
5	4000
5	5000
5	1000
5	12000
5	6000
5	11000
5	14000
5	4000
5	15000
5	7000
5	5000
5	8000
5	9000
5	26000
5	2000
5	4000
5	8000
5	9000
5	9000
5	1000
5	3000
5	7000
5	11000
5	13000
5	6000
5	5000
5	2000
5	3000
5	2000
5	2000
5	2000
5	6000
5	2000
5	3000
5	5000
5	4000
5	3000
5	4000
5	3000
5	8000
5	3000
5	7000
5	10000
5	6000
5	13000
5	2000
5	24000
5	2000
5	4000
5	9000
5	12000
5	10000
5	2000
5	12000
5	2000
5	11000
5	2000
5	5000
5	4000
5	6000
5	8000
5	14000
5	6000
5	7000
5	11000
5	2000
5	2000
5	2000
5	7000
5	3000
5	1000
5	2000
5	2000
5	2000
5	2000
5	3000
5	5000
5	2000
5	4000
5	5000
5	6000
5	5000
5	5000
5	7000
5	4000
5	6000
5	2000
5	9000
5	4000
5	2000
5	5000
5	3000
5	10000
5	2000
5	5000
5	12000
5	5000
5	3000
5	21000
5	3000
5	6000
5	4000
5	7000
5	4000
5	2000
5	3000
5	3000
5	1000
5	2000
5	2000
5	2000
5	3000
5	2000
5	2000
5	3000
5	3000
5	4000
5	10000
5	3000
5	3000
5	2000
5	4000
5	2000
5	3000
5	4000
5	4000
5	4000
5	7000
5	6000
5	4000
5	4000
5	5000
5	3000
5	2000
5	6000
5	7000
5	4000
5	2000
5	2000
5	6000
5	2000
5	3000
5	12000
5	4000
5	8000
5	6000
5	3000
5	2000
5	3000
5	4000
5	22000
5	5000
5	11000
5	3000
5	2000
5	7000
5	3000
5	5000
5	2000
5	17000
5	18000
5	5000
5	11000
5	2000
5	2000
5	9000
5	6000
5	3000
5	8000
5	5000
5	6000
5	7000
5	4000
5	9000
5	5000
5	6000
5	4000
5	2000
5	3000
5	2000
5	2000
5	2000
5	1000
5	4000
5	3000
5	10000
5	2000
5	2000
5	2000
5	2000
5	3000
5	6000
5	4000
5	3000
5	3000
5	1999
5	2000
5	2000
5	3000
5	2000
5	3000
5	3000
5	4000
5	2000
5	2000
5	2000
5	4000
5	2000
5	5000
5	2000
5	4000
5	2000
5	3000
5	3000
5	2000
5	2000
5	3000
5	4000
5	10000
5	1000
5	4000
5	3000
5	4000
5	1000
5	2000
5	4000
5	3000
5	2000
5	2000
5	2000
5	4000
5	2000
5	2000
5	2000
5	2000
5	5000
5	3000
5	2000
5	5000
5	2000
5	2000
5	3000
5	2000
5	3000
5	2000
5	4000
5	14000
5	8000
5	7000
5	4000
5	2000
5	2000
5	3000
5	2000
5	2000
5	1000
5	2000
5	5000
5	6000
5	2000
5	2000
5	1000
5	3000
5	8000
5	7000
5	6000
5	2000
5	6000
5	1000
5	7000
5	5000
5	4000
5	3000
5	2000
5	2000
5	2000
5	5000
5	3000
5	2000
5	8000
5	6000
5	3000
5	3000
5	2000
5	2000
5	5000
5	3000
5	4000
5	3000
5	4000
5	1000
5	2000
5	1000
5	3000
5	3000
5	4000
5	2000
5	2000
5	3000
5	4000
5	4000
5	3000
5	1000
5	2000
5	2000
5	6000
5	2000
5	3000
5	2000
5	3000
5	6000
5	2000
5	5000
5	3000
5	2000
5	2000
5	14000
5	5000
5	14000
5	2000
5	4000
5	6000
5	2000
5	3000
5	4000
5	2000
5	3000
5	7000
5	2000
5	2000
5	5000
5	4000
5	5000
5	1000
5	4000
5	4000
5	2000
5	2000
5	2000
5	6000
5	1000
5	2000
5	4000
5	4000
5	3000
5	3000
5	1000
5	3000
5	4000
5	2000
5	4000
5	2000
5	5000
5	6000
5	3000
5	3000
5	2000
5	1000
5	1000
5	2000
5	4000
5	7000
5	2000
5	3000
5	5000
5	4000
5	6000
5	1000
5	2000
5	5000
5	5000
5	2000
5	3000
5	9000
5	4000
5	3000
5	2000
5	2000
5	6000
5	2000
5	5000
5	7000
5	2000
5	12000
5	8000
5	3000
5	9000
5	3000
5	4000
5	1000
5	2000
5	7000
5	5000
5	3000
5	3000
5	3000
5	4000
5	4000
5	6000
5	2000
5	2000
5	2000
5	2000
5	9000
5	5000
5	5000
5	5000
5	1000
5	2000
5	9000
5	1000
5	1000
5	4000
5	7000
5	3000
5	5000
5	11000
5	3000
5	2000
5	3000
5	6000
5	7000
5	3000
5	3000
5	2000
5	4000
5	8000
5	2000
5	4000
5	2000
5	3000
5	6000
5	1000
5	4000
5	6000
5	2000
5	5000
5	8000
5	2000
5	2000
5	2000
5	4000
5	2986
5	2000
5	1000
5	5000
5	2000
5	1000
5	2000
5	7000
5	2000
5	6000
5	3000
5	3000
5	6000
5	2000
5	9000
5	2000
5	2000
5	2000
5	3000
5	3000
5	6000
5	4000
5	6000
5	2000
5	3000
5	1000
5	2000
5	3000
5	2000
5	6000
5	4000
5	2000
5	1000
5	1000
5	2000
5	8000
5	2000
5	3000
5	4000
5	2000
5	2000
5	9000
5	3000
5	4000
5	2000
5	2000
5	3000
5	2000
5	3000
5	5000
5	3000
5	3000
5	10000
5	4000
5	1000
5	3000
5	2000
5	2000
5	6000
5	8000
5	4000
5	5000
5	6000
5	2000
5	2000
5	3000
5	3000
5	1000
5	5000
5	7000
5	3000
5	3000
5	2000
5	6000
5	2000
5	6000
5	11000
5	12000
5	6000
5	2000
5	9000
5	4000
5	2000
5	2000
5	4000
5	6000
5	1000
5	1000
5	3000
5	2000
5	2000
5	4000
5	13000
5	4000
5	4000
5	7000
5	2000
5	4000
5	2000
5	3000
5	2000
5	4000
5	2000
5	2000
5	4000
5	2000
5	5000
5	3000
5	7000
5	3000
5	2000
5	3000
5	3000
5	5000
5	2000
5	4000
5	3000
5	3000
5	4000
5	2000
5	3000
5	6000
5	3000
5	2000
5	3000
5	3000
5	2000
5	2000
5	2000
5	5000
5	4000
5	16000
5	16000
5	9000
5	2000
5	4000
5	2000
5	6000
5	11000
5	6000
5	3000
5	3000
5	3000
5	5000
5	2000
5	2000
5	3000
5	5000
5	14000
5	3000
5	3000
5	2000
5	3000
5	7000
5	3000
5	7000
5	5000
5	3000
5	4000
5	1000
5	3000
5	3000
5	9000
5	5000
5	2000
5	3000
5	2000
5	2000
5	3000
5	2000
5	3000
5	1000
5	2000
5	2000
5	4000
5	5000
5	9000
5	3000
5	11000
5	14000
5	8000
5	3000
5	1000
5	18000
5	2000
5	24000
5	3000
5	4000
5	4000
5	2000
5	3000
5	10000
5	2000
5	2000
5	1000
5	3000
5	4000
5	2000
5	23000
5	11000
5	9000
5	6000
5	5000
5	6000
5	3000
5	3000
5	2000
5	3000
5	2000
5	2000
5	3000
5	4000
5	10000
5	4000
5	11000
5	6000
5	7000
5	17000
5	38000
5	1000
5	4000
5	3000
5	2000
5	2000
5	5000
5	2000
5	9000
5	2000
5	2000
5	3000
5	8000
5	3000
5	5000
5	3000
5	2000
5	2000
5	5000
5	2000
5	3000
5	1000
5	2000
5	2000
5	4000
5	7000
5	2000
5	1000
5	2000
5	2000
5	6000
5	7000
5	22000
5	14000
5	27000
5	22000
5	2000
5	3000
5	2000
5	2000
5	10000
5	6000
5	3000
5	2000
5	2000
5	3000
5	2000
5	6000
5	2000
5	2000
5	4000
5	6000
5	2000
5	2000
5	2000
5	3000
5	2000
5	3000
5	2000
5	1000
5	2000
5	2000
5	2000
5	2000
5	2000
5	2000
5	2000
5	5000
5	5000
5	2000
5	1000
5	1000
5	3000
5	9000
5	4000
5	2000
5	4000
5	2000
5	5000
5	2000
5	2000
5	6000
5	3000
5	2000
5	5000
5	5000
5	3000
5	4000
5	1000
5	4000
5	7000
5	7000
5	22000
5	6000
5	3000
5	3000
5	3000
5	2000
5	1000
5	2000
5	2000
5	6000
5	9000
5	2000
5	3000
5	6000
5	2000
5	17000
5	3000
5	2000
5	4000
5	4000
5	2000
5	4000
5	3000
5	4000
5	2000
5	4000
5	4000
5	2000
5	2000
5	11000
5	1000
5	3000
5	3000
5	2000
5	2000
5	9000
5	3000
5	2000
5	1000
5	2000
5	2000
5	2000
5	2000
5	3000
5	2000
5	3000
5	2197
5	2000
5	2000
5	2000
5	4000
5	2000
5	5000
5	2000
5	3000
5	3000
5	4000
5	2000
5	2000
5	4000
5	11000
5	4000
5	7000
5	10000
5	4000
5	4000
5	5000
5	3000
5	2000
5	10000
5	5000
5	4000
5	2000
5	1000
5	3000
5	2000
5	1000
5	8000
5	27000
5	17000
5	14000
5	6000
5	5000
5	2000
5	4000
5	4000
5	2000
5	1000
5	3000
5	3000
5	3000
5	3000
5	2000
5	5000
5	3000
5	3000
5	2000
5	6000
5	2000
5	2000
5	4000
5	4000
5	7000
5	6000
5	5000
5	2000
5	6000
5	2000
5	2000
5	5000
5	10000
5	2000
5	3000
5	3000
5	12000
5	2000
5	2000
5	5000
5	3000
5	2000
5	3000
5	9000
5	2000
5	2000
5	2000
5	2000
5	3000
5	3000
5	3000
5	5000
3	3000
3	1000
3	2000
3	6000
3	6000
3	2000
3	7000
3	100000
3	4000
3	2000
3	4000
3	3000
3	3000
3	9000
3	5000
3	6000
3	6000
3	5000
3	5000
3	2000
3	6000
3	2000
3	6000
3	5000
3	5000
3	1000
3	1000
3	3000
3	4000
3	2000
3	1000
3	2000
3	49000
3	2000
3	2000
3	5000
3	3000
3	2000
3	6000
3	3000
3	3000
3	3000
3	2000
3	2000
3	1000
3	5000
3	2000
3	5000
3	5000
3	2000
3	4000
3	6000
3	5000
3	6000
3	6000
3	3000
3	2000
3	6000
3	2000
3	3000
3	2000
3	2000
3	3000
3	6000
3	2000
3	4000
3	3000
3	2000
3	3000
3	4000
3	4000
3	5000
3	2000
3	4000
3	6000
3	3000
3	2000
3	2000
3	6000
3	2000
3	5000
3	3000
3	5000
3	7000
3	3000
3	3000
3	6000
3	122000
3	3000
3	3000
3	3000
3	8000
3	1000
3	5000
3	5000
3	5000
3	7000
3	20000
3	22000
3	3000
3	4000
3	59000
3	3000
3	79000
3	3000
3	2000
3	5000
3	4000
3	6000
3	7000
3	3000
3	4000
3	3000
3	2000
3	6000
3	2000
3	8000
3	12000
3	4000
3	6000
3	7000
3	4000
3	3000
3	3000
3	2000
3	4000
3	3000
3	2000
3	2000
3	5000
3	5000
3	3000
3	3000
3	2000
3	4000
3	7000
3	2000
3	5000
3	6000
3	10000
3	13000
3	13000
3	5000
3	3000
3	5000
3	4000
3	4000
3	5000
3	3000
3	3000
3	4000
3	5000
3	5000
3	5000
3	6000
3	3000
3	4000
3	2000
3	4000
3	3000
3	5000
3	6000
3	3000
3	2000
3	7000
3	8000
3	3000
3	4000
3	6000
3	3000
3	2000
3	5000
3	2000
3	4000
3	35000
3	4000
3	43000
3	4000
3	3000
3	151000
3	10000
3	10000
3	2000
