label	length
0	2000
0	2000
0	2000
0	2000
0	2000
0	3000
0	2000
0	2000
0	2000
0	6000
0	5000
0	2000
0	4000
0	2000
0	2000
0	2000
0	2000
0	2000
0	2000
0	2000
0	2000
0	2000
0	2000
0	2000
0	2000
0	2000
0	5000
0	2000
0	3000
0	6000
0	3000
0	2000
0	3000
0	3000
0	2000
0	2000
0	3000
0	2000
0	3000
0	2000
0	2000
0	2000
0	8000
0	2000
0	8000
0	2000
0	7000
0	5000
0	3000
0	2000
0	5000
0	5000
0	2000
0	2000
0	2000
0	3000
0	2000
0	3000
0	2000
0	21000
0	2000
0	2000
0	11000
0	2000
0	7000
0	3000
0	3000
0	7000
0	21000
0	2000
0	5000
0	6000
0	3000
0	3000
0	12000
0	3000
0	2000
0	5000
0	10000
0	5000
0	2000
0	2000
0	2000
0	2000
0	3000
0	2000
0	2000
0	2000
0	13000
0	2000
0	2000
0	7000
0	3000
0	15000
0	3000
0	2000
0	2000
0	4000
0	3000
0	2000
0	4000
0	2000
0	4000
0	3000
0	3000
0	2000
0	3000
5	2000
5	2000
5	21000
5	7000
5	3000
5	3000
5	2000
5	14000
5	10000
5	4000
5	16000
5	2000
5	2000
5	6000
5	10000
5	5000
5	2000
5	2000
5	2000
5	2000
5	2000
5	2000
5	3000
5	2000
5	2000
5	2000
5	1000
5	5000
5	3000
5	17000
5	7000
5	6000
5	4000
5	18000
5	4000
5	6000
5	2000
5	2000
5	12000
5	8000
5	4000
5	3000
5	4000
5	6000
5	8000
5	3000
5	2000
5	3000
5	3000
5	2000
5	6000
5	5000
5	3000
5	6000
5	2000
5	2000
5	4000
5	2000
5	2000
5	2000
5	7000
5	3000
5	4000
5	8000
5	29000
5	32000
5	2000
5	6000
5	5000
5	2000
5	24000
5	3000
5	2000
5	1000
5	5000
5	3000
5	2000
5	4000
5	2000
5	2000
5	8000
5	2000
5	2000
5	2000
5	2000
5	22000
5	2000
5	4000
5	3000
5	17000
5	21000
5	8000
5	5000
5	14000
5	7000
5	3000
5	3000
5	2000
5	2000
5	2000
5	7000
5	3000
5	2000
5	2000
5	2000
5	5000
5	3000
5	8000
5	25000
5	2000
5	25000
5	6000
5	13000
5	2000
5	2000
5	6000
5	2000
5	2000
5	2000
5	10000
5	4000
5	2000
5	6000
5	3000
5	9000
5	2000
5	4000
5	12000
5	23000
5	4000
5	4000
5	6000
5	15000
5	4000
5	2000
5	4000
5	2000
5	2000
5	4000
5	4000
5	3000
5	2000
5	2000
5	2000
5	3000
5	4000
5	2000
5	3000
5	2000
5	23000
5	10000
5	3000
5	7000
5	5000
5	2000
5	2000
5	5000
5	22000
5	48000
5	3000
5	4000
5	2000
5	7000
5	5000
5	12000
5	7000
5	3000
5	2000
5	2000
5	3000
5	3000
5	7000
5	3000
5	2000
5	2000
5	2000
5	3000
5	4000
5	7000
5	1000
5	3000
5	8000
5	4000
5	4000
5	4000
5	3000
7	2000
7	18000
7	31000
7	9000
7	34000
7	5000
7	28000
7	8000
7	10000
7	3000
7	5000
7	6000
7	10000
7	5000
7	4000
7	3000
7	11000
7	12000
7	2000
7	8000
7	10000
7	12000
7	14000
7	8000
7	3000
7	3000
7	2000
7	15000
7	5000
7	27000
7	8000
7	8000
7	24000
7	17000
7	11000
7	10000
7	23000
7	3000
7	24000
7	2000
7	19000
7	11000
7	18000
7	34000
7	6000
7	1000
7	6000
7	2000
7	2000
7	9000
7	14000
7	2000
7	7000
7	14000
7	49000
7	21000
7	17000
7	6000
7	6000
7	51000
7	3000
7	43000
7	36000
7	3000
7	3000
7	5000
7	3000
7	4000
7	8000
7	21000
7	4000
7	3000
7	2000
7	2000
7	3000
7	2000
7	4000
7	9000
7	5000
7	2000
7	14000
7	9000
7	11000
7	4000
7	4000
7	10000
7	9000
7	2000
7	11000
7	4000
7	2000
7	7000
7	10000
7	7000
7	14000
7	24000
7	1000
7	8000
7	9000
7	2000
7	3000
7	3000
7	30000
7	22000
7	1000
7	12000
7	2000
7	5000
7	8000
7	4000
7	2000
7	3000
7	6000
7	2000
7	3000
7	10000
7	6000
7	7000
7	10000
7	2000
7	4000
7	7000
7	13000
7	18000
7	8000
7	6000
7	24000
7	15000
7	37000
7	25000
7	4000
7	22000
7	16000
7	2000
7	14000
7	3000
7	2000
7	1000
7	5000
7	8000
7	4000
7	3000
7	1000
7	3000
7	6000
7	2000
7	2000
7	3000
7	3000
7	2000
7	3000
7	58000
7	32000
7	3000
7	3000
7	3000
7	2000
7	16000
7	69000
7	4000
7	7000
7	6000
7	9000
7	4000
7	25000
7	2000
7	2000
7	2000
7	2000
7	2000
7	2000
7	2000
7	5000
7	22000
7	7000
7	39000
7	5000
7	10000
7	2000
7	2000
7	19000
7	31000
7	3000
7	3000
7	2000
7	9000
7	23000
7	8000
7	7000
7	6000
7	3000
7	3000
7	4000
7	2000
7	1000
7	2000
7	2000
7	2000
7	2000
7	6000
7	4000
7	3000
7	5000
7	5000
7	3000
7	2000
7	8000
7	7000
7	6000
7	5000
7	23000
7	10000
7	1000
7	2000
7	5000
7	1000
7	2000
7	1000
7	9000
7	5000
7	6000
7	2000
7	2000
7	2000
7	17000
7	35000
7	4000
7	2000
7	2000
7	3000
7	9000
7	3000
7	2000
7	4000
7	24000
7	68000
7	5000
7	13000
7	3000
7	4000
7	3000
7	3000
7	4000
7	7000
7	7000
7	2000
7	5000
7	5000
7	2000
7	18000
7	17000
7	10000
7	1000
7	4000
7	5000
7	2000
7	3000
7	6000
7	4000
7	2000
7	13000
7	17000
7	2000
7	2000
7	3000
7	22000
7	6000
7	3000
7	2000
7	5000
7	4000
7	16000
7	2000
7	4000
4	3000
4	2000
4	2000
4	2000
4	2000
4	2000
4	2000
4	2000
4	2000
4	3000
4	2000
4	2000
4	2000
4	2000
4	2000
4	2000
4	3000
4	3000
4	2000
4	2000
4	2000
4	2000
4	2000
4	2000
4	2000
4	4000
4	2000
4	2000
4	2000
4	2000
4	2000
4	2000
4	2000
4	2000
4	2000
4	3000
4	4000
4	3000
4	2000
4	2000
4	2000
4	2000
4	2000
4	3000
4	2000
4	2000
4	5000
4	2000
4	2000
4	2000
4	2000
4	2000
4	3000
4	2000
4	2000
4	2000
4	2000
4	2000
4	2000
4	2000
4	3000
4	2000
4	2000
4	2000
4	2000
4	2000
4	2000
4	2000
4	2000
4	2000
4	2000
4	3000
4	2000
4	4000
4	2000
4	2000
4	2000
4	4000
4	2000
4	2000
4	5000
4	5000
4	3000
4	2000
4	2000
4	2000
4	4000
4	2000
4	2000
4	2000
4	2000
4	3000
4	2000
4	2000
4	2000
4	2000
4	2000
4	3000
4	2000
4	2000
4	2000
4	2000
4	2000
4	2000
4	2000
4	2000
4	2000
4	2000
4	2000
4	3000
4	2000
4	3000
4	3000
4	2000
4	2000
4	2000
4	2000
4	2000
4	3000
4	2000
4	2000
4	2000
4	2000
4	7000
4	2000
4	2000
4	2000
4	2000
4	4000
4	2000
4	2000
4	2000
4	2000
4	5000
4	2000
4	2000
4	2000
4	2000
4	3000
4	2000
4	2000
4	2000
10	5000
10	2000
10	4000
10	2000
10	2000
10	2000
10	5000
10	2000
10	2000
10	2000
10	3000
10	2000
10	3000
10	3000
10	3000
10	3000
10	3000
10	3000
10	2000
10	2000
10	2000
10	2000
10	2000
10	6000
10	3000
10	3000
10	2000
10	8000
10	7000
10	4000
10	3000
10	9000
10	13000
10	4000
10	4000
10	3000
10	2000
10	2000
10	2000
10	3000
10	7000
10	2000
10	3000
10	2000
10	2000
10	2000
10	3000
10	2000
10	5000
10	4000
10	7000
10	9000
10	4000
10	3000
10	3000
10	3000
10	3000
10	3000
10	2000
10	7000
10	3000
10	3000
10	2000
10	2000
10	2000
10	2000
10	1000
10	2000
10	2000
10	2000
10	5000
10	6000
10	5000
10	2000
10	3000
10	2000
10	3000
10	2000
10	1000
10	3000
10	2000
10	2000
10	5000
10	2000
10	6000
10	4000
10	6000
10	2000
10	4000
10	1000
10	3000
10	4000
10	2000
10	3000
10	2000
10	2000
10	2000
10	4000
10	7000
10	2000
10	4000
10	4000
10	3000
10	4000
10	2000
10	3000
10	4000
10	3000
10	3000
10	4000
10	2000
10	2000
10	4000
10	2000
10	2000
10	1000
10	4000
10	3000
10	1000
10	2000
10	6000
10	2000
10	2000
10	4000
10	4000
10	9000
10	2000
10	4000
10	5000
10	3000
10	3000
10	2000
10	2000
10	2000
10	2000
10	2000
10	4000
10	8000
10	2000
10	8000
10	10000
10	3000
10	6000
10	2000
10	2000
10	16000
10	3000
10	1000
10	3000
10	2000
10	2000
10	2000
10	2000
10	4000
10	8000
10	2000
10	2000
10	2000
10	8000
10	10000
10	4000
10	2000
10	4000
10	3000
10	8000
10	2000
10	5000
10	10000
10	2000
10	6000
10	2000
10	4000
10	2000
10	7000
10	4000
10	6000
10	3000
10	9000
10	2000
10	2000
10	2000
10	10000
10	2000
10	2000
10	5000
10	2000
10	2000
10	1000
10	3000
10	2000
10	4000
10	4000
10	2000
10	2000
10	3000
10	6000
10	2000
10	2000
10	5000
10	2000
10	2000
10	2000
10	3000
10	5000
10	3000
10	3000
10	2000
10	2000
10	2000
10	7000
10	3000
10	3000
10	6000
10	4000
10	4000
10	4000
10	3000
10	4000
10	3000
10	5000
10	2000
10	4000
10	2000
10	3000
10	5000
10	8000
10	15000
10	5000
10	2000
10	4000
10	3000
10	11000
10	3000
10	4000
10	2000
10	2000
10	6000
10	6000
10	2000
10	4000
10	5000
10	4000
10	3000
10	1000
10	2000
10	6000
10	2000
10	3000
10	4000
10	2000
10	5000
10	2000
10	3000
10	1000
10	3000
10	4000
10	2000
10	8000
10	8000
10	10000
10	2000
10	2000
10	3000
10	5000
10	7000
10	2000
10	17000
10	9000
10	3000
10	4000
10	2000
10	2000
10	2000
10	5000
10	2000
10	10000
10	4000
10	1000
10	3000
10	3000
10	5000
10	3000
10	3000
10	4000
10	2000
10	2000
10	2000
10	4000
10	5000
10	3000
10	3000
10	3000
10	2000
10	6000
10	2000
10	2000
10	2000
10	2000
10	4000
10	4000
10	11000
10	6000
10	4000
10	24000
10	3000
10	18000
10	3000
10	8000
10	3000
10	2000
10	1000
10	3000
10	2000
10	2000
10	2000
10	4000
10	7000
10	3000
10	9000
10	2000
10	3000
10	2000
10	3000
10	7000
10	8000
10	3000
10	5000
10	7000
10	7000
10	7000
10	12000
10	2000
10	13000
10	12000
10	19000
10	3000
10	7000
10	2000
10	9000
10	2000
10	5000
10	2000
10	3000
10	2000
10	3000
10	3000
10	6000
10	3000
10	1000
10	2000
10	3000
10	4000
10	5000
10	2000
10	2000
10	2000
10	2000
10	2000
10	3000
10	3000
10	6000
10	5000
10	4000
10	3000
10	2000
10	3000
10	2000
10	2000
10	8000
10	4000
10	6000
10	8000
10	2000
10	6000
10	2000
10	15000
10	2000
10	5000
10	2000
10	5000
10	6000
10	3000
10	5000
10	6000
10	3000
10	3000
10	8000
10	6000
10	3000
10	2000
10	3000
10	4000
10	8000
10	4000
10	12000
10	10000
10	6000
10	3000
10	17000
10	5000
10	39000
10	9000
10	15000
10	14000
10	27000
10	6000
10	24000
10	15000
10	2000
10	64000
10	17000
10	11000
10	4000
10	5000
10	12000
10	11000
10	7000
10	22000
10	15000
10	16000
10	15000
10	4000
10	16000
10	9000
10	3000
10	22000
10	2000
10	3000
10	4000
10	2000
10	11000
10	9000
10	3000
10	2000
10	5000
10	4000
10	2000
10	2000
10	2000
10	2000
10	3000
10	3000
10	3000
10	4000
10	2000
10	3000
10	3000
10	2000
10	4000
10	3000
10	8000
10	2000
10	2000
10	2000
3	2000
3	3000
3	4000
3	4000
3	2000
3	2000
3	3000
3	2000
3	2000
3	2000
3	2000
3	2000
3	3000
3	2000
3	3000
3	3000
3	2000
3	2000
3	2000
3	2000
3	2000
3	2000
3	3000
3	2000
3	3000
3	2000
3	4000
3	8000
3	2000
3	2000
3	2000
3	2000
3	2000
3	2000
3	2000
3	2000
3	2000
3	3000
3	2000
3	2000
3	2000
3	2000
3	2000
3	2000
3	6000
3	2000
3	3000
3	2000
3	4000
3	7000
3	2000
3	2000
3	2000
3	2000
3	2000
3	2000
3	2000
3	2000
3	2000
3	2000
3	2000
3	2000
3	3000
3	2000
3	3000
3	4000
3	2000
3	3000
3	2000
3	2000
3	2000
3	2000
3	2000
3	2000
3	2000
3	3000
3	2000
3	2000
3	3000
3	3000
3	2000
3	2000
3	3000
3	2000
3	2000
3	3000
3	2000
3	2000
3	2000
3	2000
3	8000
3	2000
3	3000
3	2000
3	2000
3	2000
3	2000
3	3000
3	4000
3	3000
3	2000
3	2000
3	2000
3	3000
3	3000
3	5000
3	2000
3	2000
3	3000
3	4000
3	2000
3	2000
3	2000
3	2000
3	2000
3	2000
3	2000
3	2000
3	2000
3	2002
3	2000
3	2000
3	2000
3	3000
3	2000
3	2000
3	2000
3	3000
3	2000
3	4000
3	2000
3	2000
3	2000
3	3000
3	3000
3	2000
3	2000
3	2000
3	2000
3	3000
3	2000
3	2000
3	5000
3	2000
3	2000
3	2000
3	2000
3	2000
3	3000
3	2000
3	2000
3	2000
3	2000
3	2000
3	3000
3	2000
3	2000
3	3000
3	2000
3	2000
3	2000
3	2000
3	2000
3	2000
3	2000
3	3000
3	2000
3	2000
3	2000
3	2000
3	2000
3	2000
3	4000
3	2000
3	2000
3	6000
3	6000
3	2000
3	2000
3	3000
3	4000
3	6000
3	2000
3	3000
3	2000
3	2000
3	2000
3	2000
3	2000
3	2000
3	2000
3	2000
3	2000
3	6000
3	2000
3	5000
3	2000
3	2000
3	2000
3	2000
3	2000
3	3000
3	4000
3	2000
3	2000
3	2000
3	2000
3	2000
3	2000
3	3000
3	2000
3	3000
3	4000
3	2000
3	2000
3	4000
3	2000
3	2000
3	2000
3	2000
3	7000
3	2000
3	2000
3	3000
3	3000
3	2000
3	3000
3	3000
3	2000
3	2000
3	2000
3	3000
3	3000
3	3000
3	2000
3	2000
3	2000
3	2000
3	2000
3	2000
3	2000
3	4000
3	2000
3	2000
3	2000
3	2000
3	2000
3	3000
3	4000
3	2000
3	2000
3	2000
3	2000
3	2000
3	3000
3	2000
3	2000
3	2000
3	2000
3	4000
3	2000
3	2000
3	2000
3	3000
3	3000
3	3000
3	2000
3	2000
3	2000
3	2000
3	2000
3	4000
3	3000
3	2000
3	2000
3	2000
3	2000
3	2000
3	3000
3	2000
3	2000
3	2000
3	4000
3	2000
3	2000
3	4000
3	8000
3	3000
3	3000
3	4000
3	2000
3	2000
3	2000
3	4000
3	2000
3	5000
3	2000
3	2000
3	2000
3	4000
3	3000
3	4000
3	2000
3	2000
3	2000
3	2000
3	2000
3	4000
3	2000
3	2000
3	2000
3	3000
3	3000
3	2000
3	2000
3	2000
3	2000
3	2000
3	2000
3	2000
3	3000
3	2000
3	3000
3	2000
3	2000
3	2000
3	2000
3	2000
3	4000
3	4000
3	3000
3	2000
3	2000
3	2000
3	1590
6	4000
6	8000
6	3000
6	5000
6	2000
6	6000
6	3000
6	3000
6	8000
6	3000
6	2000
6	2000
6	2000
6	4000
6	4000
6	3000
6	3000
6	4000
6	3000
6	4000
6	4000
6	12000
6	1000
6	16000
6	18000
6	10000
6	9000
6	8000
6	11000
6	11000
6	3000
6	1000
6	2000
6	4000
6	7000
6	3000
6	4000
6	3000
6	3000
6	4000
6	15000
6	3000
6	4000
6	17000
6	3000
6	4000
6	23000
6	24000
6	4000
6	23000
6	5000
6	11000
6	12000
6	4000
6	3000
6	2000
6	12000
6	5000
6	6000
6	12000
6	1000
6	9000
6	6000
6	5000
6	5000
6	10000
6	3000
6	3000
6	4000
6	2000
6	2000
6	3000
6	3000
6	5000
6	5000
6	2000
6	2000
6	1000
6	2000
6	8000
6	4000
6	2000
6	3000
6	2000
6	4000
6	2000
6	3000
6	5000
6	4000
6	1000
6	1000
6	8000
6	6000
6	4000
6	12000
6	4000
6	3000
6	3000
6	1000
6	1000
6	5000
6	2000
6	5000
6	3000
6	6000
6	5000
6	3000
6	3000
6	2000
6	2000
6	4000
6	8000
6	6000
6	7000
6	3000
6	3000
6	1000
6	2000
6	2000
6	5000
6	5000
6	3000
6	2000
6	5000
6	2000
6	4000
6	3000
6	3000
6	2000
6	3000
6	4000
6	3000
6	5000
6	1000
6	2000
6	2000
6	3000
6	3000
6	2000
6	3000
6	4000
6	3000
6	2000
6	3000
6	3000
6	1000
6	4000
6	5000
6	3000
6	1000
6	2000
6	3000
6	1000
6	1000
6	4000
6	8000
6	2000
6	2000
6	2000
6	2000
6	1000
6	2000
6	3000
6	5000
6	2000
6	3000
6	3000
6	2000
6	4000
6	3000
6	3000
6	7000
6	7000
6	6000
6	5000
6	3000
6	4000
6	1000
6	1000
6	2000
6	4000
6	6592
6	6000
6	2000
6	2000
6	2000
6	2000
6	3000
6	2000
6	3000
6	2000
6	4000
6	3000
6	3000
6	3000
6	1000
6	2000
6	2000
6	2000
6	6000
6	2000
6	2000
6	3000
6	4000
6	11000
6	3000
6	2000
6	3000
6	2000
6	3000
6	4000
6	6000
6	3000
6	4000
6	4000
6	3000
6	3000
6	2000
6	3000
6	4000
6	2000
6	12000
6	1000
6	6000
6	4000
6	5000
6	7000
6	4000
6	2000
6	4000
6	3000
6	8000
6	5000
6	4000
6	6000
6	4000
6	3000
6	3000
6	3000
6	7000
6	1000
6	8000
6	2000
6	4000
6	2000
6	6000
6	4000
6	4000
6	5000
6	2000
6	1000
6	6000
6	3000
6	3000
6	4000
6	2000
6	4000
6	5000
6	4000
6	2000
6	3000
6	3000
6	2000
6	3000
6	6000
6	1000
6	3000
6	2000
6	4000
6	2000
6	2000
6	3000
6	2000
6	2000
6	1000
6	2000
6	13000
6	3000
6	5000
6	3000
6	5000
6	2000
6	5000
6	6000
6	3000
6	3000
6	2000
6	2000
6	8000
6	2000
6	2000
6	5000
6	1000
6	4000
6	3000
6	3000
6	2000
6	9000
6	3000
6	1000
6	1000
6	3000
6	2000
6	2000
6	4000
6	1000
6	3000
6	1000
6	3000
6	2000
6	2000
6	3000
6	5000
6	2000
6	2000
6	3000
6	2000
6	2000
6	5000
6	3000
6	6000
6	3000
6	5000
6	5000
6	4000
6	3000
6	6000
6	4000
6	5000
6	6000
6	3000
6	2000
6	2000
6	3000
6	5000
6	6000
6	4000
6	5000
6	2000
6	3000
6	3000
6	2000
6	2000
6	5000
6	2000
6	3000
6	2000
6	2000
6	2000
6	2000
6	2000
6	4000
6	2000
6	5000
6	3000
6	3000
6	1000
6	2000
6	6000
6	2000
6	2000
6	2000
6	3000
6	3000
6	2000
6	11000
6	2000
6	2000
6	1000
6	2000
6	7000
6	1000
6	7000
6	4000
6	5000
6	2000
6	1000
6	4000
6	3000
6	12000
6	4000
6	2000
6	2000
6	3000
6	9000
6	1000
6	3000
6	2000
6	2000
6	3000
6	2000
6	3000
6	2000
6	2000
6	2000
6	3000
6	3000
6	2000
6	6000
6	3000
6	2000
6	13000
6	2000
6	2000
6	2000
6	7000
6	4000
6	4000
6	6000
6	4000
6	10000
6	3000
6	3000
6	10000
6	5000
6	7000
6	1000
6	11000
6	3000
6	5000
6	2000
6	4000
6	3000
6	5000
6	8000
6	2000
6	2000
6	13000
6	3000
6	4000
6	13000
6	10000
6	3000
6	7000
6	15000
6	5000
6	5000
6	15000
6	6000
6	15000
6	11000
6	2000
6	3000
6	7000
6	1000
6	12000
6	9000
6	7000
6	8000
6	1000
6	4000
6	9000
6	5000
6	13000
6	6000
6	4000
6	4000
6	8000
6	5000
6	17000
6	54000
6	12000
6	22000
6	16000
6	9000
6	70000
6	11000
6	9000
6	26000
6	3000
6	3000
6	12000
6	4000
6	16000
6	4000
6	6000
6	7000
6	6000
6	4000
6	5000
6	7000
6	7000
6	10000
6	20000
6	7000
6	5000
6	21000
6	1000
6	7000
6	4000
6	2000
6	2000
6	4000
6	3000
6	2000
6	1000
6	2000
6	2000
6	7000
6	4000
6	6000
6	2000
6	6000
6	4000
6	3000
6	2000
6	3000
6	4000
6	3000
6	1000
6	2000
6	2000
6	2000
6	6000
6	3000
6	3000
6	4000
6	5000
6	2000
6	3000
6	2000
6	5000
6	3000
6	3000
6	2000
6	3000
6	3000
6	2000
6	2000
6	2000
6	7000
6	6000
6	3000
6	1000
6	2000
6	3000
6	2000
6	2000
6	2000
6	3000
6	2000
6	3000
6	6000
6	5000
6	6000
6	3000
6	3000
6	2000
6	6000
6	1000
6	6000
6	4000
6	2000
6	3000
6	2000
6	2000
6	1000
6	2000
6	3000
6	2000
6	4000
6	4000
6	3000
6	5000
6	8000
6	2000
6	1000
6	1000
6	2000
6	3000
6	3000
6	2000
6	2000
6	2000
6	6000
6	3000
6	1000
6	6000
6	4000
6	8000
6	4000
6	2000
6	2000
6	2000
6	24000
6	4000
6	6000
6	4000
6	5000
6	4000
6	2000
6	2000
6	2000
6	1000
6	2000
6	3000
6	4000
6	2000
6	6000
6	5000
6	2000
6	4000
6	3000
6	12000
6	3000
6	8000
6	10000
6	4000
6	2000
6	3000
6	2000
6	3000
6	2000
6	3000
6	2000
6	3000
6	1000
6	5000
6	3000
6	2000
6	17000
6	25000
6	19000
6	10000
6	24000
6	6000
6	7000
6	12000
6	10000
6	13000
6	24000
6	3000
6	4000
6	61000
6	22000
6	9000
6	11000
6	12000
6	30000
6	4000
6	13000
6	19000
6	27000
6	30000
6	21000
6	9000
6	5000
6	2000
6	3000
6	2000
6	1000
6	6000
6	2000
6	1000
6	2000
6	2000
6	3000
6	3000
6	3000
6	1000
6	7000
6	3000
6	4000
6	3000
6	3000
6	10000
6	3000
6	3000
6	2000
6	3000
6	4000
6	2000
6	4000
6	6000
6	4000
6	3000
6	3000
6	2000
6	3000
6	4000
6	3000
6	2000
6	5000
6	3000
6	2000
6	3000
6	4000
6	8000
6	4000
6	2000
6	3000
6	3000
6	2000
6	4000
6	11000
6	2000
6	5000
6	6000
6	5000
6	5000
6	3000
6	3000
6	5000
6	1000
6	5000
6	4000
6	4000
6	10000
6	12000
6	1000
6	3000
6	2000
6	3000
6	4000
6	2000
6	4000
6	3000
6	3000
6	3000
6	2000
6	2000
6	15000
6	13000
6	4000
6	4000
6	4000
6	5000
6	1000
6	6000
6	1000
6	4000
6	12000
6	3000
6	3000
6	3000
6	2000
6	1000
6	1000
6	4000
6	4000
6	5000
6	2000
6	1000
6	6000
6	6000
6	2000
6	3000
6	3000
6	3000
6	2000
6	3000
6	3000
6	4000
6	3000
6	2000
6	2000
6	3000
6	1000
6	2000
6	2000
6	3000
6	2000
6	3000
6	2000
6	3000
6	4000
6	4000
6	2000
6	1000
6	3000
6	2000
6	3000
6	3000
6	5000
6	4000
6	3000
6	3000
6	2000
6	3000
6	2000
6	4000
6	4000
6	9000
6	9000
6	2000
6	3000
6	19000
6	2000
6	1000
6	2000
6	2000
6	2000
6	6000
6	2000
6	4000
6	4000
6	3000
6	4000
6	3000
6	12000
6	1000
6	4000
6	7000
6	8000
6	3000
6	8000
6	1000
6	3000
6	2000
6	5000
6	3000
6	7000
6	5000
6	2000
6	5000
6	7000
6	2000
6	3000
6	6000
6	2000
6	3000
6	4000
6	6000
6	8000
6	3000
6	1000
6	3000
6	2000
6	2000
6	3000
6	2000
6	4000
6	2000
6	2000
6	2000
6	2000
6	5000
6	1000
6	1000
6	4000
6	4000
6	2000
6	5000
6	5000
6	3000
6	2000
6	3000
6	8000
6	1000
6	3000
6	2000
6	4000
6	2000
6	2000
6	3000
6	25000
6	13000
6	14000
6	3000
6	34000
6	23000
6	1000
6	53000
6	63000
6	10000
6	52000
6	6000
6	30000
6	31000
6	22000
6	32000
6	10000
6	25000
6	20000
6	4000
6	3000
6	2000
6	4000
6	3000
6	3000
6	1000
6	3000
6	2000
6	2000
6	3000
6	4000
6	1000
6	2000
6	2000
6	3000
6	10000
6	5000
6	2000
6	2000
6	1000
6	1000
6	2000
6	2000
6	3000
6	2000
6	2000
6	2000
6	7000
6	10000
6	6000
6	6000
6	2000
6	1000
6	3000
6	2000
6	1000
6	4000
6	3000
6	5000
6	2000
6	5000
6	3000
6	1000
6	4000
6	2000
6	2000
6	4000
6	2000
6	3000
6	3000
6	11000
6	3000
6	1000
6	10000
6	5000
6	4000
6	3000
6	5000
6	3000
6	3000
6	5000
6	6000
6	10000
6	4000
6	10000
6	3000
6	4000
6	7000
6	2000
6	5000
6	4000
6	3000
6	4000
6	2000
6	2000
6	1000
6	3000
6	4000
6	3000
6	2000
6	4000
6	7000
6	4000
6	4000
6	2000
6	5000
6	3000
6	4000
6	3000
6	3000
6	2000
6	3000
6	1000
6	9000
6	3000
6	4000
6	1000
6	3000
6	4000
6	2000
6	4000
6	5000
6	4000
6	3000
6	2000
6	1000
6	9000
6	14000
6	3000
6	6000
6	4000
6	3000
6	3000
6	3000
6	2000
6	2000
6	3000
6	1000
6	3000
6	3000
6	2000
6	5000
6	4000
6	2000
6	7000
6	3000
6	4000
6	2000
6	4000
6	7000
6	3000
6	3000
6	4000
6	4000
6	2000
6	1000
6	2000
6	3000
6	1000
6	3000
6	1000
6	2000
6	4000
6	3000
6	5000
6	2000
6	2000
6	6000
6	3000
6	7000
6	3000
6	2000
6	4000
6	15000
6	3000
6	1000
6	4000
6	2000
6	3000
6	10000
6	4000
6	2000
6	9000
6	4000
6	6000
6	1000
6	2000
6	3000
6	3000
6	2000
6	3000
6	2000
6	2000
6	3000
6	2000
6	5000
6	3000
6	4000
6	2000
6	2000
6	4000
6	2000
6	4000
6	4000
6	1000
6	2000
6	3000
6	3000
6	4000
6	4000
6	3000
6	1000
6	1000
6	2000
6	4000
6	3000
6	2000
6	3000
6	2000
6	2000
6	6000
6	2000
6	8000
6	3000
6	5000
6	5000
6	2000
6	2000
6	8000
6	11000
6	2000
6	9000
6	2000
6	7000
6	4000
6	4000
6	2000
6	5000
6	3000
6	3000
6	3000
6	3000
6	6000
6	6000
6	3000
6	3000
6	4000
6	6000
6	4000
6	4000
6	4000
6	1000
6	3000
6	3000
6	2000
6	4000
6	3000
6	3000
6	4000
6	3000
6	4000
6	2000
6	1000
6	3000
6	8000
6	17000
6	4000
6	4000
6	6000
6	2000
6	3000
6	7000
6	3000
6	4000
6	3000
6	4000
6	2000
6	3000
6	2000
6	3000
6	3000
6	2000
6	7000
6	3000
6	8000
6	4000
6	6000
6	4000
6	5000
6	5000
6	7000
6	8000
6	5000
6	9000
6	4000
6	1000
6	1000
6	2000
6	2000
6	2000
6	3000
6	1000
6	4000
6	4000
6	3000
6	6000
6	2000
6	2000
6	6000
6	2000
6	3000
6	2000
6	1000
6	1000
6	3000
6	2000
6	3000
6	3000
6	4000
6	2000
6	3000
6	6000
6	1000
6	3000
6	8000
6	4000
6	3000
6	1000
6	2000
6	2000
6	2000
6	2000
6	2000
6	4000
6	2000
6	4000
6	1000
6	5000
6	15000
6	5000
6	3000
6	2000
6	3000
6	3000
6	8000
6	6000
6	2000
6	2000
6	5000
6	1000
6	1000
6	8000
6	5000
6	3000
6	2000
6	1000
6	3000
6	4000
6	2000
6	1000
6	4000
6	2000
6	2000
6	1000
6	5000
6	4000
6	2000
6	4000
6	6000
6	20000
6	6000
6	12000
6	8000
6	1000
6	6000
6	5000
6	4000
6	6000
6	10000
6	4000
6	6000
6	9000
6	8000
6	11000
6	9000
6	14000
6	4000
6	9000
6	2000
6	4000
6	4000
6	5000
6	3000
6	3000
6	2000
6	2000
6	5000
6	3000
6	6000
6	3000
6	6000
6	4000
6	8000
6	3000
6	4000
6	3000
6	3000
6	4000
6	6000
6	3000
6	3000
6	6000
6	5000
6	3000
6	2000
6	3000
6	9000
6	4000
6	11000
6	4000
6	2000
6	6000
6	5000
6	5000
6	4000
6	3000
6	4000
6	4000
6	3000
6	2000
6	4000
6	3000
6	3000
6	2000
6	4000
6	9000
6	2000
6	2000
6	3000
6	2000
6	5000
6	5000
6	3000
6	4000
6	3000
6	5000
6	2000
6	6000
6	1000
6	4424
6	4000
6	1000
6	16000
6	3000
6	6000
6	1000
6	2000
6	13000
6	7000
6	4000
6	2000
6	3000
6	2000
6	2000
6	2000
6	3000
6	3000
6	5000
6	2000
6	3000
6	7000
6	10000
6	7000
6	2000
6	5000
6	8000
6	1000
6	8000
6	6000
6	4000
6	3000
6	1000
6	3000
6	4000
6	1000
6	8000
6	3000
6	3000
6	8000
6	7000
6	2000
6	2000
6	3000
6	8000
6	3000
6	2000
6	3000
6	14000
6	4000
6	3000
6	2000
6	2000
6	4000
6	3000
6	5000
6	4000
6	8000
6	4000
6	6000
6	5000
6	2000
6	4000
6	4000
6	4000
6	3000
6	1000
6	3000
6	6000
6	3000
6	15000
6	3000
6	2000
6	4000
6	5000
6	3000
6	4000
6	3000
6	3000
6	4000
6	4000
6	3000
6	3000
6	2000
6	4000
6	8000
6	2000
6	3000
6	9000
6	12000
6	7000
6	3000
6	12000
6	6000
6	5000
6	3000
6	2000
6	5000
6	10000
6	5000
6	1000
6	3000
6	3000
6	3000
6	9000
6	2000
6	4000
6	4000
6	7000
6	4000
6	5000
6	4000
6	4000
6	4000
6	2000
6	2000
6	4000
6	8000
6	3000
6	1000
6	3000
6	3000
6	4000
6	2000
6	3000
6	3000
6	5000
6	9000
6	2000
6	2000
6	1000
6	3000
6	2000
6	1000
6	3000
6	3000
6	2000
6	2000
6	1000
6	3000
6	2000
6	3000
6	3000
6	1000
6	4000
6	2000
6	4000
6	4000
6	3000
6	1000
6	1000
6	3000
6	6000
6	3000
6	4000
6	1000
6	3000
6	3000
6	2000
6	4000
6	2000
6	2000
6	3000
6	2000
6	2000
6	4000
6	4000
6	2000
6	3000
6	6000
6	2000
6	2000
6	4000
6	5000
6	2000
6	3000
6	7000
6	8000
6	3000
6	6000
6	2000
6	3000
6	3000
6	4000
6	3000
6	2000
6	2000
6	7000
6	3000
6	3000
6	1000
6	4000
6	4000
6	2000
6	2000
6	5000
6	3000
6	1000
6	2000
6	2000
6	2000
6	3000
6	4000
6	3000
6	5000
6	8000
6	8000
6	8000
6	22000
6	3000
6	18000
6	9000
6	10000
6	6000
6	3000
6	3000
6	1000
6	4000
6	3000
6	2000
6	4000
6	2000
6	4000
6	4000
6	2000
6	3000
6	2000
6	2000
6	2000
6	6000
6	2000
6	2000
6	7000
6	2000
6	3000
6	1000
6	4000
6	4000
6	2000
6	11000
6	3000
6	5000
6	6000
6	3000
6	5000
6	4000
6	2000
6	4000
6	5000
6	7000
6	13000
6	4000
6	12000
6	3000
6	2000
6	5000
6	1000
6	1000
6	5000
6	2000
6	7000
6	4000
6	1000
6	7000
6	9000
6	4000
6	3000
6	4000
6	3000
6	7000
6	4000
6	5000
6	2000
6	6000
6	3000
6	4000
6	5000
6	5000
6	3000
6	5000
6	5000
6	2000
6	6000
6	3000
6	3000
6	5000
6	2000
6	3000
6	4000
6	5000
6	4000
6	3000
6	4000
6	2000
6	1000
6	2000
6	2000
6	4000
6	3000
6	7000
6	2000
6	8000
6	12000
6	5000
6	4000
6	3000
6	5000
6	2000
6	13000
6	5000
6	5000
6	2000
6	4000
6	3000
6	8000
6	2000
6	7000
6	1000
6	2000
6	2000
6	4000
6	8000
6	3000
6	2000
6	2000
6	2000
6	1000
6	1000
6	4000
6	8000
6	4000
6	3000
6	6000
6	2000
6	3000
6	2000
6	2000
6	6000
6	2000
6	16000
6	21000
6	15000
6	4000
6	3000
6	3000
6	1000
6	11000
6	8000
6	4000
6	6000
6	3000
6	17000
6	15000
6	6000
6	4000
6	15000
6	9000
6	4000
6	4000
6	3000
6	6000
6	2000
6	8000
6	6000
6	12000
6	3000
6	13000
6	1000
6	4000
6	4000
6	5000
6	8000
6	6000
6	6000
6	2000
6	3000
6	2000
6	3000
6	1000
6	1000
6	3000
6	2000
6	2000
6	2000
6	4000
6	3000
6	2000
6	5000
6	2000
6	4000
6	3000
6	5000
6	7000
6	3000
6	2000
6	4000
6	3000
6	5000
6	2000
6	2000
6	2000
6	3000
6	7000
6	2000
6	2000
6	2000
6	5000
6	2000
6	2000
6	5000
6	5000
6	4000
6	3000
6	2000
6	6000
6	2000
6	2000
6	7000
6	2000
6	1000
6	1000
6	1000
6	3000
6	3000
6	3000
6	2000
6	9000
6	2000
6	7000
6	1000
6	8000
6	9000
6	9000
6	3000
6	2000
6	1000
6	3000
6	3000
6	3000
6	6000
6	4000
6	3000
6	2000
6	3000
6	5000
6	3000
6	2000
6	2000
6	2000
6	2000
6	4000
8	1000
8	8000
8	8000
8	4000
8	2000
8	1000
8	5000
8	3000
8	4000
8	3000
8	2000
8	2000
8	5000
8	26000
8	3000
8	3000
8	3000
8	3000
8	2000
8	4000
8	4000
8	4000
8	1000
8	2000
8	1000
8	1000
8	3000
8	3000
8	1000
8	4000
8	3000
8	4000
8	3000
8	2000
8	1000
8	2000
8	2000
8	3000
8	2000
8	5000
8	1000
8	2000
8	1000
8	2000
8	4000
8	3000
8	3000
8	3000
8	4000
8	1000
8	1000
8	1000
8	3000
8	2000
8	3000
8	1000
8	2000
8	2000
8	2000
8	5000
8	3000
8	4000
8	28000
8	2000
8	5000
8	3000
8	15000
8	4000
8	2000
8	10000
8	3000
8	5000
8	5000
8	5000
8	6000
8	5000
8	9000
8	3000
8	11000
8	3000
8	3000
8	2000
8	3000
8	16000
8	5000
8	3000
8	13000
8	3000
8	3000
8	2000
8	8000
8	15000
8	2000
8	3000
8	4000
8	6000
8	4000
8	4000
8	4000
8	14048
8	3000
8	4000
8	2000
8	1000
8	7000
8	4000
8	4000
8	6000
8	10000
8	6000
8	3000
8	7000
8	4000
8	3000
8	3000
8	3000
8	3000
8	12000
8	3000
8	3000
8	6000
8	2000
8	1000
8	9000
8	11000
8	6000
8	5000
8	5000
8	4000
8	4000
8	9000
8	5000
8	3000
8	1000
8	1000
8	3000
8	3000
8	3000
8	4000
8	4000
8	5000
8	5000
8	6000
8	3000
8	8000
8	5000
8	5000
8	1000
8	2000
8	3000
8	3000
8	4000
8	8000
8	2000
8	8000
8	8000
8	3000
8	8000
8	10000
8	4000
8	9000
8	2000
8	2000
8	12000
8	4000
8	4000
8	4000
8	7000
8	6000
8	1000
8	5000
8	2000
8	5000
8	22000
8	2000
8	2000
8	4000
8	2000
8	15000
8	4000
8	6000
8	2000
8	13000
8	2000
8	3000
8	3000
8	8000
8	1000
8	2000
8	4000
8	3000
8	1000
8	6000
8	4000
8	4000
8	5000
8	6000
8	4000
8	3000
8	3000
8	5000
8	1000
8	2000
8	2000
8	2000
8	2000
8	2000
8	3000
8	2000
8	2000
8	3000
8	8000
8	4000
8	1000
8	2000
8	2000
8	2000
8	9000
8	1000
8	5000
8	3000
8	1000
8	5000
8	3000
8	6000
8	4000
8	3000
8	4000
8	6000
8	3000
8	5000
8	2000
8	2000
8	4000
8	2000
8	1000
8	9000
8	4000
8	2000
8	3000
8	3000
8	10000
8	3000
8	3000
8	2000
8	2000
8	1000
8	3000
8	6000
8	6000
8	3000
8	3000
8	9000
8	3000
8	5000
8	5000
8	2000
8	4000
8	6000
8	3000
8	3000
8	4000
8	3000
8	2000
8	4000
8	3000
8	3000
8	7000
8	3000
8	4000
8	14000
8	2000
8	2000
8	7000
8	1000
8	21000
8	6000
8	2000
8	10000
8	2000
8	3000
8	3000
8	3000
8	3000
8	3000
8	3000
8	3000
8	3000
8	2000
8	7000
8	8000
8	4000
8	9000
8	2000
8	2000
8	2000
8	2000
8	2000
8	1000
8	1000
8	3000
8	11000
8	2000
8	3000
8	3000
8	5000
8	2000
8	8000
8	5000
8	2000
8	5000
8	7000
8	4000
8	5000
8	3000
8	2000
8	3000
8	12000
8	4000
8	2000
8	16000
8	14000
8	3000
8	4000
8	4000
8	5000
8	6000
8	6000
8	3000
8	4000
8	4000
8	4000
8	8000
8	1000
8	5000
8	7000
8	2000
8	8000
8	3000
8	1000
8	2000
8	3000
8	6000
8	5000
8	1000
8	2000
8	2000
8	2000
8	5000
8	3000
8	3000
8	3000
8	3000
8	3000
8	5000
8	4000
8	6000
8	2000
8	3000
8	2000
8	3000
8	3000
8	4000
8	4000
8	3000
8	3000
8	2000
8	2000
8	3000
8	2000
8	6000
8	2000
8	3000
8	2000
8	3000
8	3000
8	4000
8	4000
8	6000
8	8000
8	4000
8	3000
8	12000
8	2000
8	6000
8	2000
8	2000
8	4000
8	5000
8	1000
8	2000
8	2000
8	3000
8	3000
8	4000
8	3000
8	2000
8	7000
8	2000
8	2000
8	15000
8	3000
8	8000
8	3000
8	2000
8	3000
8	8000
8	4000
8	4000
8	3000
8	2000
8	5000
8	6000
8	5000
8	2000
8	3000
8	8000
8	4000
8	4000
8	2000
8	2000
8	3000
8	7000
8	2000
8	4000
8	2000
8	3000
8	2000
8	2000
8	3000
8	2000
8	3000
8	8000
8	1000
8	6000
8	2000
8	2000
8	4000
8	3000
8	9000
8	2000
8	11000
8	3000
8	2000
8	3000
8	2000
8	8000
8	3000
8	2000
8	6000
8	2000
8	10000
8	5000
8	5000
8	3000
8	3000
8	7000
8	2000
8	2000
8	7000
8	19000
8	1000
8	3000
8	1000
8	3000
8	1000
8	2000
8	5000
8	9000
8	7000
8	4000
8	12000
8	8000
8	2000
8	7000
8	2000
8	2000
8	7000
8	1000
8	3000
8	3000
8	7000
8	2000
8	3000
8	4000
8	4000
8	2000
8	2000
8	2000
8	2000
8	1000
8	3000
8	5000
8	3000
8	2000
8	5000
8	4000
8	2000
8	4000
8	7000
8	5000
8	1000
8	7000
8	2000
8	7000
8	4000
8	6000
8	5000
8	3000
8	2000
8	3000
8	6000
8	2000
8	5000
8	4000
8	9000
8	4000
8	6000
8	4000
8	3000
8	13000
8	7000
8	5000
8	2000
8	2000
8	9000
8	1000
8	1000
8	3000
8	1000
8	2000
8	4000
8	4000
8	4000
8	3000
8	3000
8	3000
8	2000
8	2000
8	4000
8	2000
8	2000
8	2000
8	3000
8	2000
8	8000
8	8000
8	3000
8	7000
8	3000
8	6000
8	1000
8	3000
8	5000
8	3000
8	4000
8	3000
8	4000
8	2000
8	2000
8	4000
8	3000
8	1000
8	2000
8	3000
8	5000
8	3000
8	3000
8	1000
8	2000
8	3000
8	4000
8	4000
8	1000
8	2000
8	1000
8	2000
8	3000
8	1000
8	3000
8	3000
8	1000
8	2000
8	14000
8	4000
8	3000
8	5000
8	2000
8	3000
8	1000
8	4000
8	3000
8	15000
8	1001
8	1000
8	1000
8	3000
8	2000
8	2000
8	2000
8	2000
8	1000
8	1000
8	5000
8	2000
8	2000
8	3000
8	1000
8	2000
8	2000
8	3000
8	6000
8	5000
8	3000
8	4000
8	2000
8	5000
8	12000
8	3000
8	6000
8	11000
8	4000
8	3000
8	5000
8	2000
8	3000
8	3000
8	4000
8	6000
8	3000
8	3000
8	12000
8	4000
8	8000
8	29000
8	3000
8	2000
8	4000
8	5000
8	4000
8	19000
8	10000
8	8000
8	3000
8	4000
8	2000
8	4000
8	8000
8	1000
8	6000
8	7000
8	6000
8	3000
8	10000
8	14000
8	6000
8	3000
8	1000
8	7000
8	8000
8	3000
8	2000
8	4000
8	2000
8	1000
8	19000
8	3000
8	5000
8	5000
8	6000
8	3000
8	4000
8	3000
8	7000
8	5000
8	3000
8	7000
8	3000
8	5000
8	7000
8	3000
8	4000
8	2000
8	3000
8	12000
8	8000
8	15000
8	6000
8	1000
8	4000
8	4000
8	13000
8	1000
8	3000
8	4000
8	12000
8	5000
8	8000
8	17000
8	6000
8	2000
8	3000
8	4000
8	13000
8	12000
8	2000
8	3000
8	10000
8	7000
8	3000
8	9000
8	4000
8	5000
8	4000
8	5000
8	6000
8	2000
8	11000
8	3000
8	3000
8	3000
8	3000
8	3000
8	4000
8	8000
8	2000
8	4000
8	3000
8	2000
8	3000
8	4000
8	3000
8	4000
8	3000
8	3000
8	12000
8	2000
8	3000
8	4000
8	5000
8	7000
8	2000
8	3000
8	4000
8	3000
8	3000
8	3000
8	5000
8	1000
8	4000
8	18000
8	7000
8	13000
8	1000
8	3000
8	2000
8	2000
8	3000
8	2000
8	3000
8	3000
8	2000
8	1000
8	5000
8	4000
8	2000
8	9000
8	4000
8	7000
8	4000
8	3000
8	1000
8	6000
8	3000
8	5000
8	3000
8	4000
8	2000
8	5000
8	3000
8	2000
8	3000
8	2000
8	3000
8	3000
8	3876
8	1000
8	3000
8	1000
8	1000
8	1000
8	1000
8	1000
8	3000
8	2000
8	5000
8	2000
8	2000
8	1000
8	1000
8	1000
8	2000
8	1000
8	3000
8	1000
8	3000
8	3000
8	19000
8	5000
8	2000
8	4000
8	1000
8	10000
8	7000
8	8000
8	4000
8	9000
8	2000
8	2000
8	21000
8	5000
8	4000
8	3000
8	3000
8	6000
8	10000
8	2000
8	3000
8	9000
8	1000
8	16000
8	7000
8	5000
8	2000
8	6000
8	14000
8	2000
8	2000
8	4000
8	8000
8	3000
8	6000
8	4000
8	4000
8	12000
8	2000
8	3000
8	5000
8	2000
8	3000
8	16000
8	6000
8	8000
8	3000
8	4000
8	2000
8	3000
8	3000
8	7000
8	2000
8	7000
8	2000
8	3000
8	4000
8	7000
8	3000
8	2000
8	8000
8	2000
8	2000
8	3000
8	3000
8	2000
8	3000
8	2000
8	8000
8	2000
8	5000
8	6000
8	3000
8	4000
8	3000
8	3000
8	5000
8	9000
8	2000
8	9000
8	4000
8	4000
8	1000
8	15000
8	2000
8	4000
8	1000
8	4000
8	4000
8	2000
8	3000
8	5000
8	10000
8	11000
8	3000
8	3000
8	3000
8	9000
8	2000
8	3000
8	4000
8	2000
8	4000
8	1000
8	4000
8	3000
8	2000
8	9000
8	4000
8	11000
8	3000
8	7000
8	1000
8	2000
8	7000
8	18000
8	4000
8	4000
8	4000
8	9000
8	4000
8	4000
8	1000
8	7000
8	9000
8	3000
8	2000
8	7000
8	7000
8	10000
8	10000
8	8000
8	2000
8	4000
8	11000
8	2000
8	2000
8	3000
8	4000
8	3000
8	3000
8	8000
8	3000
8	18000
8	8000
8	3000
8	2000
8	2000
8	4000
8	8000
8	4000
8	14000
8	4000
8	3000
8	2000
8	1000
8	3000
8	2000
8	5064
8	2000
8	2000
8	5000
8	4000
8	4000
8	4000
8	6000
8	1000
8	5000
8	2000
8	3000
8	3000
8	11000
8	4000
8	10000
8	3000
8	2000
8	3000
8	6000
8	4000
8	3000
8	4000
8	3000
8	3000
8	5000
8	3000
8	6000
8	3000
8	3000
8	2000
8	4000
8	2000
8	4000
8	4000
8	4000
8	3000
8	3000
8	3000
8	3000
8	1000
8	6000
8	2000
8	5000
8	10000
8	7000
8	5000
8	3000
8	3000
8	15000
8	1000
8	2000
8	2000
8	3000
8	4000
8	5000
8	4000
8	3000
8	2000
8	8000
8	2000
8	2000
8	13000
8	4000
8	2000
8	1000
8	6000
8	13000
8	3000
8	7000
8	4000
8	7000
8	2000
8	2000
8	2000
8	1000
8	2000
8	1000
8	2000
8	5000
8	2000
8	7000
8	11000
8	9000
8	5000
8	2000
8	5000
8	2000
8	2000
8	3000
8	2000
8	3000
8	2000
8	3000
8	10000
8	4000
8	3000
8	9000
8	10000
8	3000
8	2000
8	20000
8	1000
8	9000
8	8000
8	11000
8	3000
8	1000
8	2000
8	1000
8	2000
8	3000
8	10000
8	10000
8	3000
8	3000
8	2000
8	4000
8	8000
8	2000
8	3000
8	4000
8	6000
8	4000
8	4000
8	11000
8	19000
8	3000
8	2000
8	2000
8	2000
8	2000
8	3000
8	2000
8	2000
8	2000
8	1000
8	1000
8	1000
8	1000
8	2000
8	1000
8	2000
8	2000
8	1000
8	2000
8	17000
8	3000
8	1000
8	4000
8	2000
8	15000
8	3000
8	17000
8	9000
8	4000
8	7000
8	5000
8	3000
8	3000
8	6000
8	4000
8	4000
8	2000
8	5000
8	2000
8	5000
8	3000
8	3000
8	15000
8	3000
8	10000
8	7000
8	2000
8	12000
8	7000
8	4000
8	5000
8	2000
8	10000
8	3000
8	6000
8	3000
8	3000
8	3000
8	5000
8	2000
8	2000
8	4000
8	4000
8	2000
8	2000
8	13000
8	3000
8	4000
8	2000
8	17000
8	9000
8	6000
8	3000
8	6000
8	4000
8	4000
8	3000
8	7000
8	5000
8	2000
8	4000
8	8000
8	9000
8	5000
8	17000
8	5000
8	4000
8	4000
8	3000
8	3000
8	10000
8	9000
8	5000
8	8000
8	1000
8	1000
8	3000
8	1000
8	3000
8	7000
8	2000
8	2000
8	4000
8	3000
8	9000
8	2000
8	2000
8	7000
8	2000
8	2000
8	3000
8	4000
8	2000
8	12000
8	6000
8	7000
8	7000
8	4000
8	12000
8	5000
8	4000
8	14000
8	7000
8	3000
8	7000
8	2000
8	3000
8	5000
8	5000
8	6000
8	3000
8	2000
8	2000
8	5000
8	4000
8	12000
8	7000
8	7000
8	5000
8	4000
8	2000
8	3000
8	3000
8	4000
8	5000
8	5000
8	3000
8	6000
8	2000
8	6000
8	3000
8	2000
8	2000
8	1000
8	2000
8	2000
8	2000
8	1000
8	4000
8	1000
8	2000
8	26000
8	11000
8	7000
8	8000
8	19000
8	5000
8	1000
8	1000
8	3000
8	5000
8	2000
8	2000
8	4000
8	4000
8	4000
8	8000
8	8000
8	4000
8	10000
8	4000
8	5000
8	2000
8	2000
8	3000
8	2000
8	7000
8	10000
8	3000
8	9000
8	2000
8	5000
8	4000
8	6000
8	1000
8	9000
8	4000
8	4000
8	5000
8	2000
8	2000
8	4000
8	3000
8	4000
8	2000
8	4000
8	2000
8	4000
8	2000
8	1000
8	4000
8	17000
8	6000
8	5000
8	4000
8	2000
8	4000
8	6000
8	2000
8	3000
8	3000
8	3000
8	3000
8	3000
8	3000
8	3000
8	2000
8	2000
8	3000
8	3000
8	1000
8	1000
8	3000
8	3000
8	10000
8	7000
8	4000
8	8000
8	4000
8	3000
8	5000
8	3000
8	3000
8	4000
8	5000
8	10000
8	2000
8	2000
8	7000
8	5000
8	1000
8	4000
8	3000
8	9000
8	6000
8	3000
8	2000
8	4000
8	3000
8	2000
8	3000
8	1000
8	3000
8	4000
8	13000
8	2000
8	5000
8	3000
8	6000
8	3000
8	3000
8	4000
8	5000
8	7000
8	3000
8	2000
8	5000
8	3000
8	3000
8	3000
8	991
8	2000
8	4000
8	4000
8	4000
8	2000
8	3000
8	1000
8	1000
8	5000
8	4000
8	2000
8	1000
8	2000
8	7000
8	2000
8	3000
8	2000
8	2000
8	5000
8	5000
8	3000
8	5000
8	3000
8	3000
8	2000
8	3000
8	7000
8	3000
8	3000
8	4000
8	3000
8	3000
8	7000
8	2000
8	2000
8	4000
8	5000
8	10000
8	5000
8	3000
8	2000
8	3000
8	9000
8	4000
8	4000
8	6000
8	12000
8	5000
8	1000
8	6000
8	1000
8	3000
8	3000
8	4000
8	3000
8	2000
8	6000
8	7000
8	1000
8	11000
8	1000
8	6000
8	3000
8	4000
8	3000
8	2000
8	10000
8	1000
8	2000
8	1000
8	2000
8	3000
8	4000
8	4000
8	2000
8	2000
8	1000
8	3000
8	1000
8	3000
8	3000
8	5000
8	4000
8	6000
8	2000
8	2000
8	9000
8	1000
8	1000
8	3000
8	2000
8	3000
8	3000
8	3000
8	2000
8	5000
8	3000
8	1000
8	15000
8	2000
8	28000
8	12000
8	3000
8	2000
8	2000
8	7000
8	4000
8	2000
8	4000
8	1000
8	7000
8	9000
8	6000
8	10000
8	16000
8	2000
8	18000
8	2000
8	8000
8	9000
8	2000
8	3000
8	8000
8	5000
8	4000
8	1000
8	10000
8	2000
8	3000
8	1000
8	5000
8	4000
8	3000
8	3000
8	12000
8	3000
8	8000
8	2000
8	14000
8	3000
8	2000
8	4000
8	3000
8	3000
8	4000
8	8000
8	2000
8	5000
8	4000
8	6000
8	2000
8	6000
8	10000
8	7000
8	4000
8	3000
8	3000
8	3000
8	6000
8	4000
8	1000
8	1000
8	10000
8	15000
8	4000
8	14000
8	2000
8	4000
8	2000
8	3000
8	3000
8	2000
8	3000
8	2000
8	5000
8	3000
8	4000
8	2000
8	5000
8	6000
8	2000
8	4000
8	3000
8	1000
8	1000
8	2000
8	6000
8	5000
8	1000
8	2000
8	1000
8	7000
8	3000
8	2000
8	5000
8	4000
8	3000
8	2000
8	3000
8	3000
8	8000
8	7000
8	4000
8	15000
8	4000
8	10000
8	5000
8	4000
8	4000
8	1000
8	1000
8	6000
8	4000
8	2000
8	19000
8	6000
8	4000
8	3000
8	2000
8	4000
8	2000
8	10000
8	3000
8	12000
8	2000
8	2000
8	1000
8	7000
8	3000
8	3000
8	5000
8	7000
8	2000
8	3000
8	2000
8	2000
8	5000
8	5000
8	6000
8	2000
8	2000
8	2000
8	9000
8	2000
8	3000
8	2000
8	3000
8	3000
8	28000
8	2000
8	10000
8	3000
8	8000
8	12000
8	4000
8	3000
8	3000
8	4000
8	2000
8	3000
8	3000
8	2000
8	8000
8	3000
8	6000
8	8000
8	3000
8	1000
8	2000
8	7000
8	3000
8	18000
8	4000
8	8000
8	5000
8	10000
8	7000
8	3000
8	2000
8	4000
8	9000
8	2000
8	3000
8	4000
8	3000
8	10000
8	3000
8	2000
8	4000
8	2000
8	4000
8	3000
8	12000
8	2000
8	3000
8	3000
8	2000
8	8000
8	9000
8	2000
8	2000
8	11000
8	9000
8	6000
8	4000
8	3000
8	4000
8	14000
8	4000
8	11000
8	4000
8	2000
8	3000
8	1000
8	3000
8	1000
8	5000
8	2000
8	3000
8	4000
8	2000
8	3000
8	6000
8	1000
8	2000
8	5000
8	4000
8	6000
8	4000
8	5000
8	3000
8	8000
8	14000
8	4000
8	2000
8	2000
8	6000
8	5000
8	16000
8	4000
8	2000
8	1000
8	4000
8	3000
8	3000
8	9000
8	6000
8	1000
8	3000
8	2000
8	6000
8	4000
8	3000
8	3000
8	2000
8	10000
8	5000
8	14000
8	9000
8	1000
8	5000
8	3000
8	4000
8	3000
8	2000
8	2000
8	2000
8	5000
8	4000
8	4000
8	2000
8	8000
8	3000
8	3000
8	2000
8	3000
8	8000
8	2000
8	3000
8	2000
8	5000
8	12000
8	2000
8	2000
8	6000
8	3000
8	13000
8	2000
8	5000
8	3000
8	3000
8	5000
8	2000
8	13000
8	2000
8	4000
8	14000
8	8000
8	3000
8	3000
8	3000
8	5000
8	3000
8	5000
8	1000
8	3000
8	8000
8	5000
8	2000
8	1000
8	4000
8	9000
8	6000
8	3000
8	2000
8	2000
8	3000
8	8000
8	3000
8	1000
8	7000
8	3000
8	4000
8	3000
8	1000
8	6000
8	13000
8	2000
8	2000
8	14000
8	2426
8	1000
8	2000
8	4000
8	2000
8	2000
8	2000
8	9000
8	3000
8	7000
8	7000
8	2000
8	2000
8	2000
8	1000
8	12000
8	2000
8	11000
8	3000
8	6000
8	3000
8	2000
8	5000
8	1000
8	6000
8	2000
8	4000
8	8000
8	2000
8	6000
8	4000
8	3000
8	2000
8	7000
8	9000
8	3000
8	13000
8	9000
8	14000
8	21000
8	1000
8	2000
8	4000
8	14000
8	2000
8	4000
8	6000
8	2000
8	5000
8	4000
8	6000
8	4000
8	2000
8	2000
8	1000
8	16000
8	3000
8	1000
8	1000
8	4000
8	6000
8	4000
8	5000
8	3000
8	5000
8	3000
8	6000
8	4000
8	5000
8	5000
8	13000
8	5000
8	5000
8	4000
8	2000
8	12000
8	17000
8	3000
8	3000
8	3000
8	3000
8	5000
8	2000
8	9000
8	8000
8	3000
8	4000
8	4000
8	4000
8	8000
8	1000
8	4000
8	3000
8	2000
8	2000
8	3000
8	2000
8	2000
8	4000
8	3000
8	2000
8	4000
8	3000
8	7000
8	1000
8	3000
8	3000
8	8000
8	2000
8	9000
8	1000
8	3000
8	16000
8	3000
8	3000
8	1000
8	2000
8	2000
8	3000
8	1000
8	1000
8	3000
8	2000
8	2000
8	2000
8	7000
8	2000
8	4000
8	2000
8	1000
8	3000
8	5000
8	1000
8	2000
8	7000
8	2000
8	2000
8	3000
8	3000
8	3000
8	3000
8	3000
8	5000
8	7000
8	3000
8	4000
8	3000
8	5000
8	5000
8	2000
8	4000
8	2000
8	2000
8	15000
8	7000
8	5000
8	8000
8	8000
8	3000
8	3000
8	4000
8	11000
8	5000
8	4000
8	9000
8	5000
8	4000
8	3000
8	8000
8	12000
8	2000
8	3000
8	2000
8	5000
8	3000
8	4000
8	1000
8	1000
8	2000
8	9000
8	3000
8	2000
8	2000
8	11000
8	2000
8	2000
8	2000
8	4000
8	3000
8	8000
8	9000
8	2000
8	1000
8	6000
8	3000
8	16000
8	3000
8	1000
8	5000
8	5000
8	3000
8	7000
8	4000
8	2000
8	3000
8	1000
8	3000
8	8000
8	13000
8	3000
8	3000
8	6000
8	6000
8	1000
8	8000
8	4000
8	2000
8	4000
8	2000
8	2000
8	5000
8	3000
8	3000
8	4000
8	1000
8	7000
8	3000
8	3000
8	4000
8	5000
8	15000
8	2000
8	6000
8	3000
8	2000
8	3000
8	2000
8	6000
8	3000
1	3000
1	7000
1	3000
1	5000
1	3000
1	2000
1	1000
1	2000
1	3000
1	2000
1	6000
1	7000
1	6000
1	4000
1	3000
1	2000
1	2000
1	6000
1	2000
1	2000
1	2000
1	3000
1	7000
1	1000
1	11000
1	11000
1	2000
1	2000
1	3000
1	3000
1	2000
1	2000
1	12000
1	4000
1	8000
1	2000
1	2000
1	2000
1	3000
1	3000
1	3000
1	3000
1	3000
1	2000
1	1000
1	2000
1	2000
1	3000
1	2000
1	12000
1	2000
1	6000
1	2000
1	3000
1	6000
1	5000
1	5000
1	13000
1	3000
1	2000
1	12000
1	10000
1	8000
1	7000
1	7000
1	14000
1	3000
1	5000
1	15000
1	4000
1	3000
1	2000
1	10000
1	5000
1	6000
1	3000
1	6000
1	4000
1	5000
1	4000
1	15000
1	6000
1	4000
1	3000
1	12000
1	5000
1	10000
1	14000
1	4000
1	2000
1	14000
1	2000
1	3000
1	17000
1	9000
1	27000
1	2000
1	3000
1	8000
1	9000
1	7000
1	1000
1	4000
1	6000
1	11000
1	13000
1	2000
1	4000
1	5000
1	2000
1	3000
1	3000
1	2000
1	4000
1	3000
1	3000
1	4000
1	4000
1	3000
1	4000
1	2000
1	8000
1	2000
1	3000
1	7000
1	11000
1	4000
1	2000
1	9000
1	2000
1	10000
1	12000
1	2000
1	9000
1	10000
1	10000
1	2000
1	11000
1	2000
1	11000
1	2000
1	4000
1	3000
1	6000
1	8000
1	4000
1	8000
1	6000
1	7000
1	4000
1	6000
1	1000
1	2000
1	6000
1	3000
1	2000
1	2000
1	3000
1	2000
1	5000
1	2000
1	4000
1	2000
1	5000
1	6000
1	5000
1	3000
1	6000
1	3000
1	6000
1	2000
1	6000
1	2000
1	2000
1	5000
1	3000
1	10000
1	5000
1	11000
1	5000
1	2000
1	21000
1	1000
1	4000
1	4000
1	7000
1	2000
1	2000
1	3000
1	3000
1	1000
1	2000
1	3000
1	2000
1	2000
1	3000
1	3000
1	4000
1	10000
1	4000
1	3000
1	2000
1	2000
1	5000
1	2000
1	3000
1	4000
1	7000
1	2000
1	2000
1	4000
1	3000
1	4000
1	3000
1	2000
1	1000
1	6000
1	2000
1	7000
1	3000
1	2000
1	6000
1	2000
1	3000
1	12000
1	4000
1	9000
1	5000
1	4000
1	2000
1	2000
1	4000
1	9000
1	10000
1	5000
1	11000
1	3000
1	6000
1	3000
1	17000
1	4000
1	12000
1	5000
1	7000
1	3000
1	3000
1	9000
1	7000
1	3000
1	8000
1	4000
1	6000
1	6000
1	4000
1	9000
1	1000
1	3000
1	6000
1	5000
1	2000
1	2000
1	2000
1	1000
1	2000
1	2000
1	2000
1	3000
1	5000
1	2000
1	2000
1	2000
1	3000
1	3000
1	3000
1	3000
1	2000
1	1999
1	2000
1	2000
1	4000
1	1000
1	4000
1	2000
1	4000
1	2000
1	3000
1	2000
1	1000
1	3000
1	4000
1	9000
1	4000
1	2000
1	2000
1	3000
1	3000
1	2000
1	4000
1	1000
1	2000
1	1000
1	5000
1	2000
1	5000
1	2000
1	2000
1	2000
1	2000
1	3000
1	2000
1	3000
1	14000
1	7000
1	3000
1	4000
1	2000
1	2000
1	3000
1	2000
1	2000
1	3000
1	2000
1	4000
1	5000
1	2000
1	6000
1	2000
1	3000
1	2000
1	2000
1	8000
1	7000
1	4000
1	2000
1	5000
1	6000
1	4000
1	2000
1	2000
1	2000
1	3000
1	2000
1	2000
1	8000
1	6000
1	2000
1	3000
1	3000
1	2000
1	2000
1	3000
1	1000
1	2000
1	2000
1	4000
1	5000
1	1000
1	3000
1	3000
1	2000
1	2000
1	3000
1	4000
1	3000
1	1000
1	2000
1	5000
1	1000
1	1000
1	2000
1	3000
1	1000
1	1000
1	3000
1	2000
1	2000
1	5000
1	7000
1	2000
1	2000
1	14000
1	2000
1	1000
1	2000
1	2000
1	1000
1	3000
1	2000
1	3000
1	5000
1	2000
1	4000
1	4000
1	6000
1	4000
1	2000
1	3000
1	2000
1	2000
1	6000
1	2000
1	3000
1	1000
1	3000
1	2000
1	2000
1	4000
1	2000
1	4000
1	2000
1	4000
1	6000
1	2000
1	1000
1	2000
1	1000
1	4000
1	8000
1	2000
1	2000
1	5000
1	3000
1	7000
1	2000
1	5000
1	4000
1	2000
1	3000
1	8000
1	3000
1	2000
1	2000
1	3000
1	1000
1	2000
1	5000
1	7000
1	4000
1	7000
1	3000
1	5000
1	2000
1	3000
1	6000
1	1000
1	3000
1	3000
1	2000
1	7000
1	4000
1	2000
1	3000
1	3000
1	3000
1	4000
1	4000
1	6000
1	2000
1	2000
1	2000
1	2000
1	3000
1	8000
1	4000
1	5000
1	5000
1	2000
1	9000
1	1000
1	4000
1	7000
1	2000
1	5000
1	6000
1	5000
1	3000
1	2000
1	2000
1	1000
1	4000
1	5000
1	7000
1	2000
1	3000
1	2000
1	3000
1	4000
1	5000
1	2000
1	3000
1	2000
1	2000
1	4000
1	2000
1	3000
1	6000
1	5000
1	6000
1	2000
1	2000
1	6000
1	4000
1	2986
1	4000
1	1000
1	7000
1	2000
1	6000
1	2000
1	1000
1	6000
1	9000
1	2000
1	1000
1	2000
1	2000
1	6000
1	3000
1	5000
1	2000
1	3000
1	3000
1	6000
1	4000
1	2000
1	2000
1	6000
1	2000
1	3000
1	2000
1	9000
1	3000
1	3000
1	2000
1	2000
1	2000
1	3000
1	5000
1	3000
1	3000
1	10000
1	4000
1	1000
1	1000
1	2000
1	5000
1	8000
1	3000
1	1000
1	2000
1	2000
1	4000
1	2000
1	2000
1	3000
1	1000
1	5000
1	7000
1	3000
1	2000
1	2000
1	6000
1	2000
1	6000
1	11000
1	12000
1	6000
1	2000
1	9000
1	2000
1	2000
1	2000
1	3000
1	6000
1	1000
1	3000
1	2000
1	3000
1	7000
1	3000
1	4000
1	4000
1	3000
1	3000
1	2000
1	2000
1	3000
1	1000
1	2000
1	3000
1	5000
1	3000
1	5000
1	2000
1	1000
1	3000
1	4000
1	5000
1	3000
1	3000
1	1000
1	4000
1	2000
1	3000
1	6000
1	2000
1	2000
1	2000
1	2000
1	5000
1	4000
1	16000
1	9000
1	4000
1	9000
1	1000
1	4000
1	3000
1	9000
1	8000
1	6000
1	3000
1	2000
1	4000
1	5000
1	4000
1	2000
1	2000
1	2000
1	3000
1	5000
1	16000
1	2000
1	3000
1	2000
1	3000
1	7000
1	3000
1	6000
1	5000
1	3000
1	4000
1	3000
1	1000
1	9000
1	5000
1	2000
1	8000
1	4000
1	3000
1	2000
1	2000
1	2000
1	2000
1	2000
1	5000
1	10000
1	3000
1	3000
1	5000
1	7000
1	4000
1	2000
1	5000
1	4000
1	19000
1	2000
1	17000
1	4000
1	3000
1	3000
1	4000
1	2000
1	3000
1	11000
1	1000
1	3000
1	4000
1	23000
1	11000
1	9000
1	6000
1	5000
1	6000
1	3000
1	2000
1	2000
1	3000
1	2000
1	2000
1	7000
1	4000
1	11000
1	6000
1	7000
1	19000
1	28000
1	8000
1	4000
1	3000
1	2000
1	4000
1	2000
1	7000
1	2000
1	2000
1	3000
1	3000
1	8000
1	2000
1	5000
1	2000
1	4000
1	3000
1	2000
1	4000
1	7000
1	2000
1	3000
1	2000
1	2000
1	3000
1	2000
1	6000
1	9000
1	2000
1	3000
1	18000
1	6000
1	20000
1	3000
1	2000
1	2000
1	4000
1	3000
1	5000
1	2000
1	1000
1	3000
1	5000
1	2000
1	4000
1	2000
1	5000
1	2000
1	2000
1	2000
1	2000
1	2000
1	2000
1	1000
1	1000
1	2000
1	1000
1	1000
1	3000
1	3000
1	1000
1	4000
1	7000
1	3000
1	3000
1	2000
1	6000
1	3000
1	2000
1	3000
1	5000
1	3000
1	1000
1	4000
1	7000
1	2000
1	4000
1	1000
1	3000
1	8000
1	7000
1	2000
1	22000
1	6000
1	2000
1	3000
1	2000
1	1000
1	6000
1	2000
1	5000
1	2000
1	3000
1	2000
1	2000
1	1000
1	6000
1	6000
1	3000
1	4000
1	4000
1	3000
1	3000
1	2000
1	3000
1	4000
1	2000
1	2000
1	4000
1	3000
1	2000
1	2000
1	10000
1	3000
1	1000
1	2000
1	9000
1	1000
1	2000
1	1000
1	2000
1	1000
1	3000
1	2000
1	2000
1	2197
1	2000
1	2000
1	3000
1	2000
1	4000
1	2000
1	5000
1	3000
1	1000
1	4000
1	2000
1	2000
1	3000
1	2000
1	11000
1	4000
1	7000
1	10000
1	9000
1	10000
1	13000
1	5000
1	4000
1	3000
1	4000
1	8000
1	27000
1	17000
1	14000
1	6000
1	5000
1	2000
1	3000
1	3000
1	2000
1	2000
1	3000
1	2000
1	5000
1	3000
1	2000
1	4000
1	2000
1	2000
1	4000
1	4000
1	7000
1	6000
1	5000
1	2000
1	2000
1	4000
1	1000
1	5000
1	10000
1	3000
1	3000
1	12000
1	2000
1	6000
1	3000
1	6000
1	10000
1	1000
1	2000
1	3000
1	3000
1	2000
1	3000
1	4000
2	6000
2	2000
2	2000
2	2000
2	2000
2	2000
2	2000
2	2000
2	3000
2	3000
2	2000
2	2000
2	2000
2	2000
2	2000
2	2000
2	2000
2	5000
2	2000
2	2000
2	2000
2	2000
2	2000
2	2000
2	2000
2	2000
2	2000
2	2000
2	2000
2	2000
2	2000
2	2000
2	2000
2	6000
2	2000
2	2000
2	2000
2	2000
2	3000
2	2000
2	2000
2	2000
2	2000
2	2000
2	2000
2	2000
2	2000
2	2000
2	2000
2	5000
2	2000
2	3000
2	2000
2	2000
2	2000
2	2000
2	2000
2	2000
2	2000
2	5000
2	4000
2	2000
2	2000
2	4000
2	2000
2	2000
2	2000
2	2000
2	2000
2	3000
2	2000
2	2000
2	2000
2	2000
2	2000
2	2000
2	3000
2	3000
2	3000
2	2000
2	2000
2	4000
2	2000
2	2000
2	3000
2	2000
2	2000
2	2000
2	2000
2	2000
2	2000
2	3000
2	4000
2	3000
2	3000
2	2000
2	3000
2	2000
2	3000
2	2000
2	2000
2	2000
2	2000
2	3000
2	2000
2	2000
2	3000
2	2000
2	2000
2	2000
2	2000
2	2000
2	3000
2	4000
2	3000
2	1000
2	2000
2	2000
2	2000
2	2000
2	2000
2	2000
2	2000
2	2000
2	2000
2	5000
2	4000
2	4000
2	3000
2	3000
2	2000
2	2000
2	2000
2	2000
2	2000
2	2000
2	5000
2	6000
2	2000
2	6000
2	2000
2	2000
2	2000
2	4000
2	2000
2	2000
2	2000
2	2000
2	2000
2	2000
2	2000
2	3000
2	2000
2	4000
2	2000
2	2000
2	2000
2	2000
2	12000
2	2000
2	3000
2	6000
2	3000
2	5000
2	2000
2	2000
2	2000
2	2000
2	3000
2	2000
2	6000
2	2000
2	2000
2	2000
2	2000
2	2000
2	3000
2	4000
2	2000
2	2000
2	3000
2	2000
2	2000
2	2000
2	2000
2	2000
2	6000
2	2000
2	3000
2	3000
2	2000
2	2000
2	3000
9	3000
9	2000
9	6000
9	6000
9	2000
9	7000
9	100000
9	4000
9	3000
9	3000
9	3000
9	3000
9	5000
9	4000
9	5000
9	5000
9	5000
9	6000
9	2000
9	6000
9	5000
9	5000
9	2000
9	3000
9	4000
9	2000
9	49000
9	2000
9	2000
9	4000
9	2000
9	2000
9	6000
9	3000
9	3000
9	2000
9	5000
9	2000
9	4000
9	5000
9	2000
9	4000
9	6000
9	5000
9	7000
9	6000
9	3000
9	2000
9	4000
9	2000
9	6000
9	2000
9	4000
9	3000
9	2000
9	2000
9	4000
9	4000
9	5000
9	4000
9	5000
9	3000
9	2000
9	2000
9	5000
9	2000
9	5000
9	3000
9	6000
9	6000
9	3000
9	3000
9	6000
9	122000
9	3000
9	3000
9	7000
9	5000
9	5000
9	5000
9	7000
9	18000
9	22000
9	2000
9	4000
9	2000
9	21000
9	33000
9	79000
9	3000
9	1000
9	5000
9	4000
9	6000
9	6000
9	3000
9	4000
9	3000
9	2000
9	2000
9	6000
9	2000
9	8000
9	12000
9	3000
9	6000
9	7000
9	4000
9	3000
9	3000
9	2000
9	3000
9	3000
9	2000
9	2000
9	5000
9	5000
9	2000
9	3000
9	4000
9	7000
9	2000
9	5000
9	5000
9	8000
9	10000
9	13000
9	5000
9	2000
9	6000
9	2000
9	3000
9	5000
9	2000
9	3000
9	3000
9	4000
9	5000
9	4000
9	6000
9	3000
9	4000
9	2000
9	4000
9	2000
9	5000
9	6000
9	2000
9	6000
9	7000
9	3000
9	6000
9	3000
9	2000
9	4000
9	2000
9	4000
9	35000
9	2000
9	43000
9	5000
9	2000
9	150000
9	10000
9	10000
