label	length
6	2000
6	2000
6	5000
6	2000
6	2000
6	3000
6	3000
6	4000
6	4000
6	2000
6	2000
6	3000
6	5000
6	2000
6	2000
6	2000
6	2000
6	2000
6	3000
6	2000
6	2000
6	2000
6	2000
6	5000
6	2000
6	3000
6	3000
6	2000
6	3000
6	2000
6	3000
6	6000
6	3000
6	2000
6	2000
6	4000
6	5000
6	2000
6	4000
6	3000
6	3000
6	2000
6	4000
6	2000
6	2000
6	2000
6	2000
6	2000
6	2000
6	6000
6	3000
6	2000
6	3000
6	2000
6	7000
6	5000
6	2000
6	3000
6	2000
6	7000
6	2000
6	2000
6	8000
6	4000
6	5000
6	2000
6	4000
6	7000
6	3000
6	11000
6	3000
6	4000
6	9000
6	2000
6	2000
6	3000
6	2000
6	5000
6	4000
6	3000
6	2000
6	3000
6	2000
6	2000
6	2000
6	2000
6	2000
6	2000
6	6000
6	2000
6	2000
6	3000
6	2000
6	2000
6	5000
6	2000
6	2000
6	2000
6	2000
6	4000
6	3000
6	12000
6	2000
6	4000
6	2000
6	4000
6	2000
6	3000
6	5000
6	6000
6	2000
6	2000
6	3000
6	4000
6	2000
6	2000
6	2000
6	11000
6	4000
6	10000
6	6000
6	2000
6	2000
6	2000
6	2000
6	2000
6	8000
6	2000
6	2000
6	2000
6	3000
6	4000
6	9000
6	3000
6	7000
6	3000
6	3000
6	2000
6	2000
6	3000
6	2000
6	2000
6	3000
8	2000
8	21000
8	5000
8	3000
8	2000
8	6000
8	3000
8	2000
8	1000
8	8000
8	4000
8	6000
8	2000
8	5000
8	2000
8	2000
8	2000
8	13000
8	4000
8	5000
8	6000
8	2000
8	6000
8	5000
8	2000
8	2000
8	2000
8	2000
8	2000
8	2000
8	4000
8	3000
8	2000
8	3000
8	2000
8	5000
8	3000
8	5000
8	4000
8	2000
8	2000
8	3000
8	2000
8	4000
8	30000
8	3000
8	3000
8	11000
8	6000
8	3000
8	3000
8	2000
8	2000
8	2000
8	3000
8	5000
8	2000
8	2000
8	6000
8	4000
8	3000
8	7000
8	2000
8	18000
8	4000
8	3000
8	2000
8	4000
8	2000
8	2000
8	3000
8	2000
8	5000
8	7000
8	5000
8	2000
8	3000
8	37000
8	3000
8	8000
8	2000
8	5000
8	2000
8	19000
8	3000
8	7000
8	4000
8	10000
8	3000
8	2000
8	2000
8	2000
8	2000
8	2000
8	3000
8	3000
8	2000
8	2000
8	2000
8	8000
8	3000
8	2000
8	3000
8	7000
8	7000
8	9000
8	4000
8	3000
8	4000
8	5000
8	5000
8	10000
8	9000
8	2000
8	3000
8	2000
8	2000
8	2000
8	4000
8	6000
8	2000
8	3000
8	35000
8	4000
8	5000
8	9000
8	6000
8	2000
8	7000
8	19000
8	12000
8	2000
8	2000
8	9000
8	2000
8	2000
8	7000
8	2000
8	2000
8	2000
8	3000
8	13000
8	9000
8	7000
8	5000
8	15000
8	4000
8	7000
8	7000
8	2000
8	7000
8	3000
8	2000
8	5000
8	2000
8	4000
8	10000
8	2000
8	2000
8	2000
8	2000
8	7000
8	3000
8	18000
8	4000
8	2000
8	2000
8	2000
8	4000
8	9000
8	12000
8	5000
8	14000
8	5000
8	37000
8	11000
8	3000
8	9000
8	7000
8	2000
8	2000
8	2000
8	5000
8	3000
8	4000
8	4000
8	2000
8	5000
8	3000
8	2000
8	2000
8	3000
8	2000
8	3000
8	6000
8	3000
8	5000
8	14000
8	4000
8	6000
8	4000
8	4000
11	2000
11	19000
11	28000
11	9000
11	24000
11	5000
11	3000
11	2000
11	23000
11	8000
11	3000
11	3000
11	3000
11	7000
11	6000
11	8000
11	5000
11	4000
11	3000
11	11000
11	9000
11	2000
11	6000
11	4000
11	2000
11	11000
11	5000
11	6000
11	8000
11	2000
11	3000
11	13000
11	5000
11	25000
11	8000
11	9000
11	42000
11	11000
11	10000
11	23000
11	9000
11	13000
11	18000
11	31000
11	19000
11	13000
11	8000
11	7000
11	8000
11	14000
11	9000
11	12000
11	11000
11	35000
11	21000
11	2000
11	12000
11	4000
11	6000
11	4000
11	45000
11	2000
11	43000
11	36000
11	2000
11	3000
11	8000
11	10000
11	31000
11	2000
11	3000
11	3000
11	3000
11	9000
11	4000
11	2000
11	25000
11	17000
11	5000
11	10000
11	17000
11	12000
11	3000
11	2000
11	6000
11	10000
11	6000
11	13000
11	22000
11	3000
11	8000
11	6000
11	2000
11	25000
11	22000
11	1000
11	11000
11	2000
11	4000
11	2000
11	3000
11	2000
11	6000
11	2000
11	3000
11	3000
11	5000
11	6000
11	5000
11	6000
11	2000
11	4000
11	4000
11	22000
11	18000
11	6000
11	6000
11	3000
11	24000
11	14000
11	66000
11	3000
11	22000
11	15000
11	17000
11	4000
11	2000
11	6000
11	8000
11	4000
11	10000
11	6000
11	2000
11	3000
11	2000
11	2000
11	3000
11	58000
11	24000
11	6000
11	2000
11	4000
11	15000
11	69000
11	4000
11	7000
11	5000
11	6000
11	2000
11	11000
11	6000
11	2000
11	5000
11	22000
11	7000
11	38000
11	4000
11	10000
11	2000
11	16000
11	31000
11	9000
11	23000
11	8000
11	7000
11	6000
11	3000
11	3000
11	4000
11	2000
11	2000
11	2000
11	6000
11	13000
11	5000
11	3000
11	12000
11	5000
11	6000
11	21000
11	8000
11	3000
11	6000
11	1000
11	4000
11	5000
11	2000
11	5000
11	6000
11	2000
11	2000
11	16000
11	2000
11	2000
11	21000
11	1000
11	3000
11	7000
11	2000
11	5000
11	23000
11	68000
11	5000
11	13000
11	2000
11	3000
11	4000
11	2000
11	3000
11	4000
11	6000
11	7000
11	5000
11	5000
11	17000
11	12000
11	3000
11	10000
11	7000
11	3000
11	7000
11	2000
11	11000
11	5000
11	2000
11	14000
11	7000
11	8000
11	12000
11	4000
11	5000
11	2000
11	3000
11	2000
11	15000
11	3000
11	4000
3	2000
3	2000
3	2000
3	2000
3	2000
3	3000
3	2000
3	2000
3	2000
3	2000
3	2000
3	3000
3	2000
3	2000
3	2000
3	2000
3	2000
3	4000
3	2000
3	2000
3	3000
3	2000
3	2000
3	2000
3	3000
3	2000
3	3000
3	2000
3	2000
3	2000
3	2000
3	2000
3	2000
3	2000
3	2000
3	2000
3	3000
3	3000
3	2000
3	2000
3	3000
3	2000
3	3000
3	2000
3	2000
3	2000
3	2000
3	2000
3	3000
3	2000
3	2000
3	2000
3	2000
3	2000
3	3000
3	2000
3	4000
3	2000
3	2000
3	2000
3	4000
3	2000
3	2000
3	3000
3	2000
3	2000
3	2000
3	2000
3	2000
3	3000
3	2000
3	2000
3	2000
3	2000
3	2000
3	2000
3	2000
3	2000
3	2000
3	3000
3	2000
3	2000
3	2000
3	2000
3	2000
3	2000
3	2000
3	2000
3	2000
3	3000
3	2000
3	2000
3	2000
3	2000
3	2000
3	2000
3	2000
3	3000
3	2000
3	2000
3	2000
3	4000
3	2000
3	2000
3	2000
3	2000
3	2000
3	2000
3	2000
3	4000
3	2000
3	2000
3	2000
3	2000
3	2000
3	2000
4	2000
4	2000
4	2000
4	2000
4	2000
4	2000
4	2000
4	3000
4	6000
4	3000
4	4000
4	2000
4	3000
4	2000
4	2000
4	2000
4	2000
4	2000
4	2000
4	3000
4	3000
4	2000
4	3000
4	2000
4	2000
4	3000
4	2000
4	4000
4	4000
4	2000
4	8000
4	7000
4	2000
4	2000
4	2000
4	2000
4	2000
4	3000
4	3000
4	2000
4	3000
4	13000
4	3000
4	2000
4	4000
4	3000
4	2000
4	2000
4	5000
4	5000
4	6000
4	6000
4	2000
4	2000
4	2000
4	2000
4	2000
4	6000
4	3000
4	3000
4	2000
4	3000
4	3000
4	4000
4	5000
4	15000
4	2000
4	2000
4	4000
4	4000
4	4000
4	2000
4	3000
4	2000
4	3000
4	2000
4	3000
0	5000
0	4000
0	2000
0	2000
0	2000
0	7000
0	2000
0	4000
0	6000
0	7000
0	3000
0	2000
0	4000
0	2000
0	6000
0	4000
0	14000
0	7000
0	6000
0	6000
0	3000
0	7000
0	6000
0	1000
0	10000
0	5000
0	1000
0	5000
0	3000
0	2000
0	3000
0	3000
0	1000
0	5000
0	3000
0	5000
0	2000
0	4000
0	2000
0	1000
0	2000
0	3000
0	4000
0	4000
0	1000
0	1000
0	4000
0	3000
0	4000
0	2000
0	2000
0	2000
0	4000
0	2000
0	3000
0	2000
0	2000
0	3000
0	3000
0	2000
0	3000
0	1000
0	4000
0	4000
0	4000
0	2000
0	2000
0	1000
0	1000
0	3000
0	5000
0	1000
0	1000
0	3000
0	5000
0	2000
0	3000
0	4000
0	4000
0	5000
0	2000
0	5000
0	5000
0	6048
0	1000
0	5000
0	2000
0	4000
0	10000
0	8000
0	5000
0	4000
0	2000
0	10000
0	6000
0	2000
0	2000
0	7000
0	11000
0	2000
0	5000
0	11000
0	1000
0	8000
0	1000
0	7000
0	2000
0	6000
0	3000
0	1000
0	2000
0	4000
0	6000
0	4000
0	9000
0	5000
0	3000
0	2000
0	3000
0	4000
0	3000
0	3000
0	4000
0	1000
0	4000
0	6000
0	3000
0	8000
0	5000
0	3000
0	2000
0	3000
0	2000
0	3000
0	1000
0	1000
0	8000
0	3000
0	4000
0	3000
0	2000
0	5000
0	2000
0	8000
0	9000
0	9000
0	2000
0	1000
0	2000
0	13000
0	3000
0	5000
0	4000
0	4000
0	1000
0	5000
0	2000
0	1000
0	7000
0	3000
0	2000
0	2000
0	3000
0	11000
0	6000
0	2000
0	2000
0	5000
0	4000
0	2000
0	2000
0	5000
0	3000
0	3000
0	3000
0	3000
0	3000
0	2000
0	3000
0	2000
0	8000
0	6000
0	7000
0	5000
0	2000
0	6000
0	5000
0	2000
0	2000
0	3000
0	4000
0	8000
0	5000
0	3000
0	1000
0	3000
0	2000
0	4000
0	5000
0	2000
0	2000
0	3000
0	4000
0	3000
0	5000
0	4000
0	3000
0	4000
0	3000
0	11000
0	2000
0	3000
0	2000
0	5000
0	5000
0	4000
0	1000
0	5000
0	3000
0	3000
0	10000
0	3000
0	2000
0	3000
0	3000
0	2000
0	2000
0	3000
0	12000
0	2000
0	2000
0	2000
0	5000
0	4000
0	2000
0	3000
0	15000
0	1000
0	9000
0	1000
0	6000
0	8000
0	4000
0	5000
0	2000
0	4000
0	3000
0	4000
0	8000
0	2000
0	5000
0	1000
0	4000
0	2000
0	4000
0	2000
0	2000
0	1000
0	2000
0	5000
0	8000
0	6000
0	4000
0	3000
0	3000
0	6000
0	3000
0	4000
0	7000
0	3000
0	2000
0	4000
0	9000
0	5000
0	7000
0	3000
0	4000
0	2000
0	3000
0	3000
0	6000
0	2000
0	1000
0	3000
0	3000
0	2000
0	4000
0	4000
0	3000
0	4000
0	2000
0	1000
0	3000
0	2000
0	1000
0	4000
0	5000
0	3000
0	4000
0	3000
0	2000
0	6000
0	4000
0	2000
0	2000
0	2000
0	3000
0	4000
0	6000
0	4000
0	2000
0	6000
0	5000
0	4000
0	1000
0	3000
0	3000
0	4000
0	3000
0	5000
0	3000
0	3000
0	1000
0	8000
0	2000
0	6000
0	11000
0	3000
0	5000
0	3000
0	3000
0	3000
0	2000
0	2000
0	4000
0	2000
0	6000
0	2000
0	1000
0	2000
0	1000
0	2000
0	2000
0	2000
0	4000
0	4000
0	2000
0	2000
0	5000
0	2000
0	3000
0	3000
0	18000
0	4000
0	7000
0	2000
0	2000
0	3000
0	7000
0	2000
0	5000
0	3000
0	2000
0	5000
0	2000
0	11000
0	3000
0	3000
0	14000
0	3000
0	5000
0	8000
0	5000
0	3000
0	3000
0	1000
0	2000
0	1000
0	2000
0	5000
0	13000
0	3000
0	4000
0	5000
0	2000
0	2000
0	6000
0	3000
0	1000
0	2000
0	2000
0	5000
0	2000
0	4000
0	5000
0	2000
0	3000
0	5000
0	4000
0	2000
0	3000
0	1000
0	10000
0	3000
0	4000
0	2000
0	4000
0	7000
0	2000
0	2000
0	7000
0	3000
0	6000
0	3000
0	3000
0	2000
0	3000
0	1000
0	2000
0	4000
0	3000
0	1000
0	3000
0	1000
0	4000
0	6000
0	3000
0	3000
0	2000
0	3000
0	4000
0	1000
0	4000
0	2000
0	2000
0	3000
0	5000
0	2000
0	6000
0	2000
0	2000
0	1000
0	1000
0	2000
0	13000
0	2000
0	2000
0	2000
0	1000
0	1000
0	1000
0	3000
0	2000
0	3000
0	2000
0	3000
0	5000
0	5000
0	1
0	2000
0	2000
0	2000
0	2000
0	1000
0	2000
0	3000
0	2000
0	1000
0	2000
0	1000
0	2000
0	2000
0	2000
0	2000
0	2000
0	1000
0	1000
0	2000
0	2000
0	6000
0	3000
0	2000
0	3000
0	3000
0	3000
0	4000
0	1000
0	3000
0	2000
0	2000
0	2000
0	4000
0	1000
0	1000
0	3000
0	3000
0	3000
0	3000
0	2000
0	5000
0	8000
0	7000
0	5000
0	2000
0	5000
0	5000
0	3000
0	2000
0	3000
0	3000
0	7000
0	7000
0	5000
0	4000
0	8000
0	2000
0	12000
0	19000
0	2000
0	5000
0	3000
0	13000
0	8000
0	2000
0	5000
0	6000
0	3000
0	5000
0	2000
0	6000
0	6000
0	4000
0	5000
0	5000
0	6000
0	3000
0	3000
0	7000
0	4000
0	11000
0	6000
0	2000
0	3000
0	3000
0	3000
0	10000
0	5000
0	3000
0	4000
0	5000
0	12000
0	4000
0	10000
0	3000
0	15000
0	2000
0	3000
0	3000
0	5000
0	4000
0	3000
0	2000
0	3000
0	3000
0	7000
0	6000
0	13000
0	5000
0	2000
0	9000
0	3000
0	14000
0	1000
0	6000
0	7000
0	6000
0	5000
0	12000
0	4000
0	5000
0	4000
0	4000
0	4000
0	4000
0	3000
0	1000
0	3000
0	4000
0	3000
0	3000
0	2000
0	2000
0	2000
0	1000
0	4000
0	5000
0	2000
0	4000
0	2000
0	2000
0	3000
0	9000
0	3000
0	2000
0	3000
0	6000
0	5000
0	3000
0	6000
0	2000
0	1000
0	2000
0	8000
0	2000
0	3000
0	2000
0	3000
0	3000
0	3000
0	8000
0	3000
0	2000
0	4000
0	3000
0	4000
0	3000
0	3000
0	2000
0	4000
0	3000
0	2000
0	2000
0	2000
0	4000
0	4000
0	3000
0	3000
0	3000
0	1000
0	4000
0	2000
0	4000
0	2000
0	3000
0	4000
0	2000
0	1000
0	3000
0	3000
0	2000
0	2000
0	1000
0	3000
0	6000
0	1000
0	2000
0	2000
0	1000
0	3000
0	2000
0	2000
0	2000
0	3000
0	2000
0	3000
0	4000
0	1000
0	1000
0	2000
0	3000
0	1000
0	2000
0	1000
0	3000
0	5000
0	1000
0	2000
0	2000
0	12000
0	1000
0	2000
0	6000
0	2000
0	6000
0	7000
0	9000
0	9000
0	4000
0	2000
0	3000
0	4000
0	2000
0	2000
0	1000
0	6000
0	13000
0	7000
0	3000
0	4000
0	5000
0	3000
0	1000
0	3000
0	10000
0	19000
0	2000
0	3000
0	6000
0	4000
0	4000
0	12000
0	3000
0	3000
0	2000
0	3000
0	5000
0	2000
0	4000
0	5000
0	8000
0	4000
0	1000
0	4000
0	7000
0	2000
0	2000
0	8000
0	2000
0	3000
0	3000
0	3000
0	2000
0	3000
0	2000
0	4000
0	3000
0	4000
0	7000
0	3000
0	5000
0	9000
0	2000
0	6000
0	3000
0	2000
0	3000
0	8000
0	3000
0	9000
0	5000
0	1000
0	4000
0	2000
0	1000
0	7000
0	9000
0	9000
0	5000
0	5000
0	2000
0	5000
0	5000
0	2000
0	8000
0	3000
0	6000
0	6000
0	7000
0	1000
0	3000
0	1000
0	5000
0	3000
0	2000
0	4000
0	7000
0	2000
0	1000
0	1000
0	4000
0	7000
0	4000
0	2000
0	3000
0	3000
0	4000
0	10000
0	8000
0	8000
0	6000
0	2000
0	2000
0	10000
0	7000
0	2000
0	1000
0	1000
0	3000
0	4000
0	5000
0	4000
0	3000
0	1000
0	1000
0	2000
0	3000
0	7000
0	6000
0	5000
0	4000
0	4000
0	8000
0	3000
0	3000
0	3000
0	10000
0	6000
0	4000
0	4000
0	4000
0	3000
0	1000
0	4000
0	2000
0	2000
0	2000
0	2000
0	2000
0	7000
0	2000
0	4000
0	2000
0	1000
0	2000
0	2000
0	2000
0	3000
0	6000
0	5000
0	2000
0	3000
0	3000
0	16000
0	6000
0	7000
0	10000
0	7000
0	2000
0	3000
0	2000
0	4000
0	3000
0	2000
0	4000
0	2000
0	4000
0	3000
0	4000
0	2000
0	2000
0	10000
0	4000
0	4000
0	2000
0	3000
0	3000
0	4000
0	3000
0	2000
0	2000
0	4000
0	12000
0	3000
0	4000
0	1000
0	2000
0	4000
0	1000
0	4000
0	15000
0	4000
0	2000
0	2000
0	4000
0	3000
0	2000
0	2000
0	4000
0	3000
0	8000
0	4000
0	6000
0	4000
0	2000
0	3000
0	4000
0	2000
0	7000
0	2000
0	3000
0	2000
0	5000
0	4000
0	10000
0	2000
0	2000
0	5000
0	2000
0	5000
0	2000
0	4000
0	2000
0	13000
0	4000
0	4000
0	2000
0	3000
0	4000
0	2000
0	4000
0	3000
0	4000
0	3000
0	2000
0	2000
0	11000
0	11000
0	2000
0	2000
0	5000
0	5000
0	14000
0	2000
0	2000
0	1000
0	2000
0	1000
0	1000
0	1000
0	1000
0	3000
0	1000
0	3000
0	1000
0	1000
0	2000
0	2000
0	1000
0	3000
0	3000
0	2000
0	1000
0	2000
0	2000
0	2000
0	1000
0	1000
0	2000
0	1000
0	2000
0	2000
0	2000
0	2000
0	2000
0	3000
0	4000
0	4000
0	2000
0	3000
0	3000
0	3000
0	5000
0	4000
0	5000
0	5000
0	3000
0	5000
0	5000
0	2000
0	3000
0	6000
0	3000
0	5000
0	4000
0	4000
0	7000
0	1000
0	2000
0	6000
0	3000
0	3000
0	1000
0	4000
0	4000
0	3000
0	4000
0	2000
0	4000
0	6000
0	3000
0	2000
0	3000
0	9000
0	5000
0	3000
0	8000
0	4000
0	3000
0	2000
0	4000
0	6000
0	2000
0	2000
0	3000
0	3000
0	3000
0	2000
0	3000
0	4000
0	2000
0	6000
0	3000
0	3000
0	7000
0	7000
0	2000
0	3000
0	3000
0	4000
0	2000
0	3000
0	4000
0	7000
0	4000
0	11000
0	6000
0	4000
0	3000
0	9000
0	2000
0	10000
0	2000
0	5000
0	2000
0	3000
0	1000
0	4000
0	7000
0	4000
0	6000
0	4000
0	4000
0	7000
0	5000
0	4000
0	7000
0	3000
0	3000
0	5000
0	4000
0	1000
0	2000
0	6000
0	2000
0	3000
0	3000
0	5000
0	2000
0	2000
0	3000
0	3000
0	5000
0	8000
0	3000
0	14000
0	4000
0	2000
0	2000
0	13000
0	4000
0	6000
0	3000
0	1000
0	2000
0	3000
0	4000
0	2000
0	4000
0	2000
0	2000
0	1000
0	9000
0	7000
0	3000
0	3000
0	6000
0	1000
0	4000
0	3000
0	3000
0	12000
0	9000
0	2000
0	3000
0	5000
0	3000
0	3000
0	2000
0	2000
0	3000
0	6000
0	10000
0	6000
0	5000
0	2000
0	1000
0	4000
0	1000
0	3000
0	8000
0	3000
0	6000
0	8000
0	2000
0	3000
0	1000
0	4000
0	3000
0	1000
0	3000
0	3000
0	3000
0	16000
0	4000
0	8000
0	2000
0	2000
0	3000
0	2000
0	3000
0	2000
0	4000
0	5000
0	5000
0	3000
0	3000
0	6000
0	3000
0	8000
0	2000
0	3000
0	6000
0	5000
0	3000
0	1000
0	1000
0	3000
0	2000
0	1000
0	3000
0	6000
0	5000
0	4000
0	2000
0	4991
0	2000
0	2000
0	2000
0	2000
0	2000
0	3000
0	2000
0	2000
0	4000
0	3000
0	4000
0	10000
0	9000
0	2000
0	4000
0	5000
0	4000
0	2000
0	7000
0	2000
0	5000
0	2000
0	12000
0	2000
0	6000
0	7000
0	2000
0	3000
0	9000
0	4000
0	5000
0	7000
0	12000
0	5000
0	3000
0	3000
0	2000
0	3000
0	3000
0	3000
0	3000
0	4000
0	7000
0	3000
0	9000
0	3000
0	6000
0	2000
0	3000
0	4000
0	3000
0	1000
0	5000
0	3000
0	2000
0	4000
0	3000
0	9000
0	7000
0	2000
0	9000
0	4000
0	2000
0	10000
0	2000
0	3000
0	3000
0	11000
0	2000
0	3000
0	3000
0	2000
0	3000
0	2000
0	6000
0	6000
0	2000
0	2000
0	2000
0	6000
0	12000
0	5000
0	4000
0	1000
0	2000
0	5000
0	6000
0	3000
0	19000
0	1000
0	3000
0	5000
0	7000
0	5000
0	4000
0	7000
0	6000
0	2000
0	6000
0	2000
0	8000
0	5000
0	2000
0	2000
0	5000
0	4000
0	6000
0	8000
0	1000
0	5000
0	3000
0	3000
0	10000
0	4000
0	5000
0	6000
0	7000
0	6000
0	6000
0	8000
0	3000
0	1000
0	8000
0	5000
0	3000
0	2000
0	3000
0	3000
0	3000
0	2000
0	5000
0	4000
0	2000
0	5000
0	8000
0	2000
0	3000
0	8000
0	2000
0	4000
0	5000
0	6000
0	7000
0	1000
0	4000
0	6000
0	3000
0	3000
0	2000
0	3000
0	3000
0	3000
0	1000
0	3000
0	3000
0	3000
0	1000
0	4000
0	3000
0	3000
0	2000
0	6000
0	3000
0	1000
0	5000
0	3000
0	2000
0	2000
0	6000
0	3000
0	7000
0	5000
0	8000
0	1000
0	7000
0	2000
0	2000
0	3000
0	1000
0	3000
0	2000
0	2000
0	3000
0	2000
0	4000
0	3000
0	3000
0	4000
0	2000
0	5000
0	4000
0	13000
0	14000
0	4000
0	3000
0	10000
0	4000
0	4000
0	7000
0	3000
0	7000
0	3000
0	3000
0	16000
0	4000
0	4000
0	4000
0	3000
0	4000
0	10000
0	3000
0	7000
0	3000
0	6000
0	2000
0	5000
0	3000
0	2000
0	5000
0	4000
0	4000
0	3000
0	7000
0	4000
0	3000
0	7000
0	2000
0	6000
0	3000
0	7000
0	3000
0	1000
0	1000
0	5000
0	2000
0	4000
0	2000
0	2000
0	2000
0	2000
0	2000
0	2000
0	1000
0	4000
0	3000
0	3000
0	1000
0	2000
0	2000
0	2000
0	2000
0	12000
0	3000
0	2000
0	4000
0	3000
0	4000
0	4000
0	10000
0	5000
0	1000
0	3000
0	11000
0	3000
0	9000
0	13000
0	4000
0	3000
0	2000
0	6000
0	3000
0	3000
0	3000
0	2000
0	9000
0	4000
0	4000
0	3000
0	7000
0	5000
0	2000
0	2000
0	8000
0	18000
0	5000
0	8000
0	2000
0	6000
0	15000
0	2000
0	1000
0	1000
0	3000
0	2000
0	15000
0	6000
0	4000
0	2000
0	9000
0	7000
0	5000
0	3000
0	3000
0	1000
0	1000
0	1000
0	4000
0	4000
0	4000
0	4000
0	3000
0	6000
0	2000
0	3000
0	3000
0	4000
0	3000
0	1000
0	6000
0	12000
0	5000
0	4000
0	2000
0	5000
0	2000
0	2000
0	7000
0	9000
0	3000
0	2000
0	2000
0	7000
0	3000
0	1000
0	3000
0	2000
0	2000
0	2000
0	5000
0	4000
0	6000
0	9000
0	2000
0	7000
0	4000
0	7000
0	1000
0	6000
0	5000
0	3000
0	8000
0	2000
0	2000
0	1000
0	3000
0	3000
0	2000
0	3000
0	3000
0	5000
0	3000
0	4000
0	8000
0	2000
0	4000
0	10000
0	3000
0	4000
0	2000
0	1000
0	7000
0	5000
0	2000
0	3000
0	3000
0	20000
0	14000
0	4000
0	4000
0	6000
0	5000
0	2000
0	5000
0	9000
0	5000
0	1000
0	2000
0	6000
0	8000
0	5000
0	3000
0	4000
0	3000
0	7000
0	8000
0	5000
0	2000
0	2000
0	10000
0	5000
0	3000
0	7000
0	4000
0	3000
0	2000
0	4000
0	5000
0	2000
0	3000
0	2000
0	14000
0	4000
0	2000
0	2000
0	3000
0	5000
0	5000
0	2000
0	1000
0	2000
0	2000
0	7000
0	10000
0	2000
0	3000
0	6000
0	9000
0	10000
0	1000
0	6000
0	4000
0	6000
0	4000
0	3000
0	12000
0	1000
0	3000
0	4000
0	3000
0	6000
0	7000
0	3000
0	8000
0	6000
0	4000
0	2000
0	7000
0	7000
0	5000
0	11000
0	7000
0	4000
0	4000
0	5000
0	13000
0	5000
0	3000
0	1000
0	10000
0	1000
0	3000
0	4000
0	1000
0	1000
0	1000
0	7000
0	1000
0	3000
0	2000
0	1000
0	3000
0	3000
0	2000
0	2000
0	1000
0	3000
0	2000
0	4000
0	11000
0	4000
0	6000
0	10000
0	1000
0	8000
0	3000
0	4000
0	10000
0	5000
0	2000
0	8000
0	7000
0	2000
0	2000
0	3000
0	12000
0	7000
0	4000
0	3000
0	2000
0	5000
0	5000
0	3000
0	6000
0	11000
0	4000
0	3000
0	6000
0	5000
0	13000
0	3000
0	2000
0	6000
0	4000
0	2000
0	9000
0	8000
0	2000
0	5000
0	5000
0	3000
0	16000
0	2000
0	2000
0	5000
0	3000
0	8000
0	4000
0	6000
0	2000
0	5000
0	4000
0	15000
0	2000
0	7000
0	17000
0	3000
0	2000
0	9000
0	1000
0	9000
0	4000
0	5000
0	1000
0	3000
0	4000
0	3000
0	2000
0	9000
0	3000
0	1000
0	3000
0	2000
0	5000
0	3000
0	2000
0	3000
0	12000
0	2000
0	9000
0	2000
0	8000
0	3000
0	4000
0	4000
0	18000
0	7000
0	2000
0	5000
0	2000
0	2000
0	6000
0	2000
0	1000
0	2000
0	5000
0	3000
0	3000
0	2000
0	7000
0	2000
0	2000
0	2000
0	4000
0	1000
0	1000
0	3000
0	3000
0	6000
0	2000
0	1000
0	9000
0	2000
0	2000
0	1000
0	3000
0	3000
0	2000
0	3000
0	2000
0	5000
0	1000
0	1000
0	6000
0	3000
0	3000
0	3000
0	5000
0	5000
0	1000
0	12000
0	3000
0	4000
0	10000
0	10000
0	5000
0	11000
0	7000
0	23000
0	3000
0	5000
0	4000
0	4000
0	6000
0	6000
0	1000
0	3000
0	4000
0	15000
0	3000
0	5000
0	2000
0	3000
0	3000
0	2000
0	2000
0	2000
0	3000
0	3000
0	5000
0	2000
0	2000
0	3000
0	4000
0	2000
0	2000
0	4000
0	1000
0	3000
0	1000
0	3000
0	5000
0	7000
0	4000
0	5000
0	3000
0	10000
0	3000
0	3000
0	4000
0	2000
0	3000
0	4000
0	4000
0	1000
0	4000
0	3000
0	6000
0	4000
0	2000
0	4000
0	4000
0	4000
0	2000
0	10000
0	4000
0	2000
0	3000
0	3000
0	3000
0	7000
0	6000
0	5000
0	2000
5	2000
5	2000
5	4000
5	2000
5	2000
5	3000
5	2000
5	2000
5	2000
5	2000
5	2000
5	3000
5	2000
5	4000
5	2000
5	4000
5	2000
5	4000
5	2000
5	2000
5	2000
5	3000
5	2000
5	2000
5	2000
5	3000
5	2000
5	3000
5	7000
5	2000
5	2000
5	2000
5	2000
5	2000
5	3000
5	2000
5	3000
5	3000
5	2000
5	2000
5	2000
5	2000
5	2000
5	2000
5	2000
5	3000
5	2000
5	2000
5	3000
5	2000
5	2000
5	2000
5	2000
5	3000
5	2000
5	2000
5	2000
5	2000
5	2000
5	2000
5	2000
5	2000
5	2000
5	5000
5	2000
5	4000
5	2000
5	2000
5	2000
5	3000
5	2000
5	2000
5	2000
5	2000
5	2000
5	2000
5	2000
5	2000
5	2000
5	2000
5	3000
5	2000
5	2000
5	2000
5	2000
5	2000
5	2000
5	4000
5	2000
5	2000
5	2000
5	2000
5	2000
5	5000
5	2000
5	2000
5	3000
5	2000
5	2000
5	2000
5	2000
5	2000
5	2000
5	2000
5	2000
5	3000
5	2000
5	6000
5	4000
5	3000
5	2000
5	2000
5	2000
5	2000
5	2000
5	2000
5	2000
5	2000
5	5000
5	2000
5	2000
5	2000
5	2000
5	2000
5	2000
5	4000
5	2000
5	2000
5	2000
5	3000
5	3000
5	5000
5	2000
5	2000
5	2000
5	2000
5	2000
5	3000
5	3000
5	2000
5	3000
5	2000
5	2000
5	2000
5	2000
5	2000
5	3000
5	2000
5	2000
5	2000
5	3000
5	2000
5	2000
5	2000
5	5000
5	2000
5	2000
5	2000
5	2000
5	2000
5	2000
5	2000
5	2000
5	2000
5	3000
5	2000
5	2000
5	2000
5	3000
5	2000
5	3000
5	2000
5	2000
5	2000
5	2000
5	4000
5	5000
5	3000
5	3000
5	2000
5	2000
5	4000
5	5000
5	2000
5	2000
5	4000
5	2000
5	2000
5	2000
5	2000
5	2000
5	2000
5	2000
5	3000
5	2000
5	2000
5	2000
5	2000
5	2000
5	2000
5	2000
5	2000
5	2000
5	2000
5	4000
5	3000
5	2000
5	2000
5	2000
5	1590
1	3000
1	2000
1	6000
1	4000
1	5000
1	2000
1	2000
1	2000
1	2000
1	2000
1	4000
1	2000
1	5000
1	2000
1	2000
1	2000
1	4000
1	5000
1	3000
1	3000
1	2000
1	1000
1	2000
1	2000
1	3000
1	4000
1	2000
1	2000
1	2000
1	2000
1	2000
1	4000
1	2000
1	2000
1	4000
1	2000
1	2000
1	2000
1	2000
1	3000
1	2000
1	2000
1	2000
1	2000
1	3000
1	3000
1	2000
1	2000
1	6000
1	2000
1	2000
1	5000
1	2000
1	2000
1	2000
1	2000
1	2000
1	2000
1	6000
1	2000
1	1000
1	2000
1	6000
1	2000
1	3000
1	2000
1	2000
1	3000
1	3000
1	2000
1	2000
1	3000
1	4000
1	2000
1	2000
1	2000
1	8000
1	2000
1	2000
1	2000
1	2000
1	2000
1	2000
1	2000
1	2000
1	4000
1	2000
1	2000
1	2000
1	2000
1	6000
1	2000
1	2000
1	2000
1	4000
1	3000
1	3000
1	4000
1	2000
1	3000
1	2000
1	2000
1	2000
1	2000
1	2000
1	2000
1	2000
1	2000
1	2000
1	3000
1	3000
1	2000
1	2000
1	2000
1	2000
1	2000
1	2000
1	2000
1	2000
1	4000
1	5000
1	3000
1	2000
1	2000
1	2000
1	4000
1	2000
1	2000
1	2000
1	2000
1	2000
1	2000
1	2000
1	2000
1	2000
1	2000
1	2000
1	2000
1	2000
1	2000
1	2000
1	4000
1	1000
1	2000
1	2000
1	8000
1	3000
1	3000
1	3000
1	2000
1	2000
1	2000
1	3000
1	2000
1	2000
1	2000
1	2000
1	3000
1	3000
1	2000
1	4000
1	3000
1	2000
1	2000
1	3000
1	5000
1	2000
1	3000
1	2000
1	2000
1	2000
1	2000
1	2000
1	2000
1	4000
1	2000
1	3000
1	3000
1	2000
1	5000
1	2000
1	2000
1	2000
1	2000
1	4000
1	2000
1	2000
1	3000
1	2000
1	2000
1	2000
1	2000
1	2000
1	2000
1	2000
1	6000
1	2000
1	2000
1	2000
1	2000
1	2000
1	2000
1	2000
1	2000
1	2000
1	2000
1	3000
1	2000
1	2000
1	3000
1	4000
1	2000
1	3000
1	6000
1	3000
1	2000
1	3000
1	2000
1	2000
1	2000
1	2000
1	2000
1	3000
1	2000
1	2000
1	2000
1	4000
1	2000
1	3000
1	2000
1	3000
1	2000
1	2000
1	2000
1	2000
1	6000
1	3000
1	3000
1	2000
1	2000
1	2000
1	3000
1	3000
1	2000
1	3000
1	4000
1	3000
1	4000
1	3000
1	2000
1	2000
1	2000
1	2000
1	5000
1	2000
1	2000
1	2000
1	7000
1	2000
1	2000
1	4000
1	3000
1	4000
1	2000
1	2000
1	3000
1	2000
1	2000
1	2000
1	2000
1	4000
1	2000
1	2000
1	2000
1	3000
1	2000
1	2000
1	2000
1	2000
1	2000
1	2000
1	5000
1	2000
1	2000
1	4000
1	4000
1	5000
1	3000
1	2000
1	3000
1	2000
1	2000
1	2000
1	3000
1	5000
1	2000
1	2000
1	2000
1	4000
1	3000
1	2000
1	3000
1	3000
1	6000
1	3000
1	5000
1	2000
1	4000
1	2000
1	2000
1	2000
1	2000
1	2000
1	2000
1	2000
1	2000
1	2000
1	3000
1	4000
1	3000
1	2000
1	2000
1	2000
1	2000
1	2000
1	2000
1	3000
1	2000
1	2000
1	4000
1	3000
1	2000
1	2000
1	2000
1	2000
1	2000
1	2000
1	2000
1	2000
1	6000
1	4000
1	2000
1	2000
1	3000
1	2000
1	5000
1	2000
1	2000
1	3000
1	2000
1	3000
1	2000
1	2000
1	3000
1	3000
1	8000
1	2000
1	2000
1	2000
1	2000
1	2000
1	3000
1	4000
1	3000
1	2000
1	2000
1	2000
1	5000
1	2000
1	2000
1	2000
1	3000
1	2000
1	3000
1	2000
1	2000
1	4000
1	2000
1	3000
1	2000
1	3000
1	3000
1	4000
1	2000
1	2000
1	2000
1	2000
1	2000
1	2000
1	2000
1	5000
1	6000
1	3000
1	2000
1	2000
1	2000
1	2000
1	2000
1	2000
1	2000
1	2000
1	3000
1	4000
1	4000
1	4000
1	2000
1	2000
1	3000
1	2000
1	2000
1	3000
1	7000
1	2000
1	2000
1	6000
1	2000
1	2000
1	2000
1	2000
1	2000
1	3000
1	2000
1	3000
1	2000
1	2000
1	2000
1	3000
1	2000
1	2000
1	2000
1	2000
1	2000
1	3000
1	2000
1	2000
1	2000
9	4000
9	3000
9	4000
9	1000
9	2000
9	6000
9	3000
9	2000
9	2000
9	2000
9	1000
9	3000
9	3000
9	1000
9	8000
9	1000
9	14000
9	11000
9	6000
9	13000
9	13000
9	11000
9	10000
9	3000
9	2000
9	4000
9	6000
9	1000
9	2000
9	1000
9	2000
9	3000
9	4000
9	9000
9	3000
9	2000
9	3000
9	4000
9	2000
9	9000
9	2000
9	23000
9	21000
9	30000
9	5000
9	11000
9	3000
9	7000
9	2000
9	2000
9	2000
9	2000
9	9000
9	3000
9	4000
9	5000
9	13000
9	8000
9	5000
9	4000
9	4000
9	10000
9	3000
9	4000
9	3000
9	7000
9	3000
9	1000
9	2000
9	2000
9	1000
9	8000
9	5000
9	2000
9	1000
9	9000
9	6000
9	3000
9	4000
9	3000
9	3000
9	3000
9	3000
9	2000
9	5000
9	2000
9	6000
9	2000
9	6000
9	3000
9	3000
9	4000
9	1000
9	1000
9	1000
9	2000
9	3000
9	1000
9	4000
9	4000
9	6000
9	5000
9	4000
9	1000
9	2000
9	6000
9	3000
9	4000
9	3000
9	3000
9	5000
9	4000
9	7000
9	3000
9	3000
9	2000
9	3000
9	3000
9	3000
9	6000
9	5000
9	2000
9	3000
9	3000
9	3000
9	2000
9	2000
9	4000
9	2000
9	4000
9	2000
9	4000
9	2000
9	2000
9	5000
9	5000
9	2000
9	1000
9	3000
9	2000
9	2000
9	3000
9	2000
9	4000
9	4000
9	2000
9	2000
9	2000
9	2000
9	6000
9	2000
9	6000
9	2000
9	2000
9	2000
9	2000
9	4000
9	4000
9	4000
9	2000
9	1000
9	4000
9	3000
9	3000
9	3000
9	4000
9	3000
9	2000
9	6592
9	1000
9	2000
9	3000
9	3000
9	7000
9	2000
9	11000
9	4000
9	1000
9	3000
9	2000
9	3000
9	3000
9	4000
9	4000
9	3000
9	4000
9	2000
9	3000
9	2000
9	2000
9	1000
9	9000
9	4000
9	1000
9	6000
9	4000
9	1000
9	4000
9	5000
9	4000
9	2000
9	4000
9	4000
9	5000
9	3000
9	2000
9	3000
9	6000
9	3000
9	2000
9	5000
9	2000
9	7000
9	1000
9	8000
9	2000
9	3000
9	6000
9	5000
9	4000
9	3000
9	3000
9	1000
9	2000
9	6000
9	3000
9	6000
9	6000
9	2000
9	3000
9	8000
9	4000
9	2000
9	3000
9	3000
9	2000
9	1000
9	2000
9	2000
9	2000
9	3000
9	12000
9	1000
9	6000
9	3000
9	3000
9	6000
9	3000
9	4000
9	3000
9	2000
9	2000
9	4000
9	2000
9	1000
9	3000
9	2000
9	3000
9	2000
9	2000
9	3000
9	1000
9	3000
9	5000
9	4000
9	2000
9	3000
9	6000
9	2000
9	9000
9	5000
9	9000
9	2000
9	3000
9	1000
9	4000
9	5000
9	6000
9	2000
9	3000
9	5000
9	5000
9	3000
9	4000
9	3000
9	1000
9	2000
9	3000
9	2000
9	2000
9	2000
9	2000
9	1000
9	2000
9	3000
9	2000
9	3000
9	2000
9	2000
9	6000
9	3000
9	1000
9	3000
9	3000
9	8000
9	3000
9	5000
9	4000
9	1000
9	2000
9	5000
9	3000
9	1000
9	2000
9	7000
9	2000
9	1000
9	3000
9	2000
9	2000
9	6000
9	3000
9	2000
9	13000
9	2000
9	1000
9	4000
9	3000
9	3000
9	1000
9	2000
9	3000
9	7000
9	2000
9	4000
9	9000
9	10000
9	3000
9	6000
9	3000
9	4000
9	5000
9	4000
9	8000
9	3000
9	17000
9	3000
9	4000
9	2000
9	10000
9	8000
9	3000
9	6000
9	14000
9	5000
9	4000
9	11000
9	6000
9	3000
9	15000
9	4000
9	4000
9	3000
9	7000
9	12000
9	5000
9	3000
9	8000
9	2000
9	4000
9	3000
9	5000
9	6000
9	4000
9	1000
9	6000
9	14000
9	11000
9	5000
9	3000
9	3000
9	1000
9	2000
9	5000
9	7000
9	3000
9	7000
9	6000
9	48000
9	30000
9	15000
9	9000
9	14000
9	5000
9	14000
9	9000
9	3000
9	18000
9	12000
9	9000
9	4000
9	3000
9	18000
9	4000
9	3000
9	2000
9	7000
9	5000
9	13000
9	4000
9	6000
9	7000
9	5000
9	4000
9	3000
9	7000
9	7000
9	10000
9	5000
9	7000
9	2000
9	7000
9	5000
9	7000
9	12000
9	6000
9	4000
9	2000
9	3000
9	2000
9	3000
9	4000
9	3000
9	2000
9	1000
9	1000
9	2000
9	3000
9	5000
9	7000
9	2000
9	3000
9	7000
9	3000
9	6000
9	3000
9	1000
9	2000
9	3000
9	2000
9	2000
9	7000
9	1000
9	4000
9	5000
9	1000
9	4000
9	4000
9	2000
9	2000
9	3000
9	3000
9	8000
9	2000
9	3000
9	2000
9	12000
9	2000
9	1000
9	5000
9	2000
9	2000
9	3000
9	2000
9	3000
9	4000
9	1000
9	4000
9	6000
9	3000
9	7000
9	3000
9	3000
9	2000
9	2000
9	6000
9	4000
9	4000
9	3000
9	2000
9	2000
9	3000
9	2000
9	3000
9	4000
9	2000
9	2000
9	3000
9	3000
9	4000
9	1000
9	9000
9	1000
9	2000
9	2000
9	3000
9	2000
9	4000
9	5000
9	4000
9	6000
9	17000
9	5000
9	7000
9	4000
9	3000
9	2000
9	3000
9	4000
9	3000
9	2000
9	2000
9	3000
9	4000
9	3000
9	1000
9	9000
9	3000
9	6000
9	12000
9	2000
9	3000
9	1000
9	2000
9	13000
9	29000
9	3000
9	5000
9	3000
9	4000
9	3000
9	23000
9	4000
9	7000
9	3000
9	2000
9	3000
9	8000
9	12000
9	11000
9	6000
9	3000
9	3000
9	3000
9	19000
9	15000
9	9000
9	5000
9	4000
9	2000
9	4000
9	14000
9	9000
9	4000
9	3000
9	3000
9	4000
9	13000
9	16000
9	3000
9	7000
9	3000
9	3000
9	10000
9	3000
9	9000
9	6000
9	5000
9	25000
9	13000
9	2000
9	8000
9	6000
9	2000
9	3000
9	5000
9	3000
9	3000
9	1000
9	8000
9	2000
9	2000
9	3000
9	3000
9	3000
9	3000
9	3000
9	8000
9	3000
9	1000
9	5000
9	1000
9	4000
9	3000
9	2000
9	3000
9	3000
9	1000
9	5000
9	4000
9	4000
9	5000
9	6000
9	4000
9	2000
9	2000
9	2000
9	3000
9	3000
9	2000
9	3000
9	5000
9	3000
9	3000
9	4000
9	3000
9	8000
9	3000
9	2000
9	3000
9	3000
9	2000
9	4000
9	5000
9	2000
9	1000
9	3000
9	3000
9	4000
9	3000
9	2000
9	2000
9	3000
9	7000
9	2000
9	6000
9	3000
9	3000
9	4000
9	5000
9	2000
9	4000
9	3000
9	2000
9	2000
9	2000
9	4000
9	2000
9	4000
9	1000
9	2000
9	3000
9	2000
9	6000
9	7000
9	5000
9	7000
9	2000
9	5000
9	4000
9	4000
9	2000
9	2000
9	1000
9	1000
9	6000
9	4000
9	3000
9	3000
9	4000
9	1000
9	4000
9	3000
9	2000
9	3000
9	11000
9	4000
9	1000
9	3000
9	4000
9	1000
9	4000
9	4000
9	4000
9	1000
9	2000
9	2000
9	2000
9	1000
9	4000
9	3000
9	2000
9	5000
9	5000
9	1000
9	3000
9	3000
9	3000
9	2000
9	2000
9	2000
9	3000
9	2000
9	3000
9	3000
9	1000
9	1000
9	3000
9	3000
9	3000
9	8000
9	2000
9	2000
9	2000
9	3000
9	2000
9	2000
9	3000
9	2000
9	2000
9	5000
9	1000
9	3000
9	2000
9	3000
9	2000
9	8000
9	2000
9	6000
9	1000
9	2000
9	2000
9	5000
9	1000
9	1000
9	5000
9	1000
9	3000
9	4000
9	5000
9	3000
9	2000
9	2000
9	3000
9	4000
9	1000
9	1000
9	2000
9	7000
9	3000
9	1000
9	2000
9	3000
9	1000
9	2000
9	5000
9	5000
9	3000
9	2000
9	2000
9	4000
9	3000
9	3000
9	5000
9	4000
9	2000
9	4000
9	20000
9	13000
9	3000
9	16000
9	11000
9	6000
9	15000
9	10000
9	11000
9	2000
9	27000
9	12000
9	11000
9	47000
9	12000
9	11000
9	20000
9	5000
9	14000
9	5000
9	14000
9	2000
9	4000
9	13000
9	31000
9	22000
9	11000
9	19000
9	10000
9	19000
9	4000
9	19000
9	2000
9	1000
9	2000
9	1000
9	2000
9	3000
9	3000
9	1000
9	8000
9	3000
9	1000
9	4000
9	2000
9	2000
9	3000
9	7000
9	6000
9	2000
9	4000
9	4000
9	4000
9	4000
9	2000
9	4000
9	2000
9	3000
9	4000
9	12000
9	2000
9	4000
9	6000
9	5000
9	3000
9	2000
9	3000
9	3000
9	3000
9	3000
9	2000
9	6000
9	3000
9	3000
9	2000
9	2000
9	3000
9	2000
9	2000
9	3000
9	3000
9	3000
9	2000
9	1000
9	1000
9	1000
9	2000
9	2000
9	1000
9	10000
9	3000
9	3000
9	2000
9	4000
9	2000
9	4000
9	10000
9	3000
9	2000
9	1000
9	8000
9	11000
9	3000
9	4000
9	4000
9	2000
9	1000
9	3000
9	2000
9	3000
9	2000
9	3000
9	5000
9	2000
9	3000
9	4000
9	4000
9	3000
9	2000
9	2000
9	5000
9	4000
9	7000
9	2000
9	2000
9	3000
9	1000
9	1000
9	3000
9	3000
9	4000
9	3000
9	2000
9	3000
9	3000
9	9000
9	3000
9	2000
9	2000
9	3000
9	2000
9	3000
9	5000
9	4000
9	3000
9	2000
9	9000
9	4000
9	3000
9	2000
9	2000
9	2000
9	3000
9	1000
9	4000
9	11000
9	4000
9	3000
9	1000
9	5000
9	4000
9	2000
9	2000
9	4000
9	5000
9	2000
9	5000
9	6000
9	1000
9	2000
9	5000
9	3000
9	6000
9	2000
9	3000
9	4000
9	3000
9	5000
9	1000
9	3000
9	1000
9	2000
9	5000
9	3000
9	3000
9	3000
9	3000
9	5000
9	5000
9	3000
9	3000
9	3000
9	5000
9	4000
9	7000
9	7000
9	3000
9	3000
9	3000
9	4000
9	4000
9	3000
9	4000
9	3000
9	3000
9	1000
9	1000
9	6000
9	4000
9	3000
9	11000
9	4000
9	4000
9	6000
9	2000
9	3000
9	4000
9	6000
9	8000
9	3000
9	3000
9	2000
9	3000
9	1000
9	2000
9	1000
9	2000
9	10000
9	3000
9	4000
9	1000
9	11000
9	1000
9	2000
9	3000
9	1000
9	2000
9	3000
9	2000
9	4000
9	3000
9	3000
9	3000
9	2000
9	2000
9	1000
9	2000
9	3000
9	4000
9	1000
9	2000
9	3000
9	6000
9	1000
9	3000
9	5000
9	3000
9	2000
9	2000
9	3000
9	2000
9	2000
9	2000
9	2000
9	6000
9	4000
9	1000
9	4000
9	17000
9	5000
9	3000
9	2000
9	3000
9	5000
9	7000
9	7000
9	2000
9	2000
9	3000
9	5000
9	18000
9	4000
9	2000
9	1000
9	4000
9	6000
9	3000
9	2000
9	1000
9	5000
9	4000
9	5000
9	6000
9	11000
9	3000
9	3000
9	5000
9	6000
9	7000
9	3000
9	1000
9	4000
9	5000
9	3000
9	6000
9	5000
9	5000
9	4000
9	4000
9	1000
9	6000
9	9000
9	5000
9	3000
9	8000
9	4000
9	9000
9	8000
9	2000
9	3000
9	5000
9	4000
9	3000
9	2000
9	2000
9	1000
9	5000
9	3000
9	6000
9	2000
9	5000
9	6000
9	3000
9	4000
9	3000
9	2000
9	1000
9	2000
9	5000
9	6000
9	4000
9	6000
9	7000
9	2000
9	8000
9	3000
9	8000
9	3000
9	4000
9	6000
9	3000
9	3000
9	4000
9	4000
9	7000
9	4000
9	5000
9	3000
9	2000
9	2000
9	2000
9	5000
9	2000
9	3000
9	3000
9	4000
9	3000
9	2000
9	3000
9	1424
9	1000
9	4000
9	13000
9	4000
9	3000
9	1000
9	6000
9	2000
9	2000
9	3000
9	4000
9	2000
9	3000
9	3000
9	6000
9	1000
9	4000
9	3000
9	2000
9	2000
9	2000
9	3000
9	3000
9	2000
9	2000
9	1000
9	2000
9	2000
9	3000
9	3000
9	9000
9	6000
9	1000
9	5000
9	2000
9	3000
9	3000
9	8000
9	6000
9	3000
9	3000
9	2000
9	2000
9	3000
9	2000
9	2000
9	4000
9	3000
9	5000
9	4000
9	7000
9	6000
9	2000
9	8000
9	2000
9	2000
9	3000
9	2000
9	3000
9	11000
9	5000
9	3000
9	2000
9	2000
9	6000
9	2000
9	3000
9	4000
9	1000
9	4000
9	4000
9	3000
9	2000
9	2000
9	1000
9	4000
9	4000
9	4000
9	2000
9	1000
9	1000
9	3000
9	4000
9	1000
9	2000
9	2000
9	10000
9	1000
9	2000
9	1000
9	2000
9	1000
9	2000
9	2000
9	2000
9	2000
9	2000
9	3000
9	3000
9	3000
9	2000
9	3000
9	3000
9	3000
9	3000
9	4000
9	2000
9	6000
9	2000
9	3000
9	2000
9	5000
9	8000
9	3000
9	3000
9	4000
9	6000
9	4000
9	2000
9	3000
9	3000
9	1000
9	3000
9	1000
9	6000
9	3000
9	5000
9	4000
9	3000
9	4000
9	2000
9	4000
9	2000
9	2000
9	3000
9	3000
9	7000
9	2000
9	2000
9	6000
9	4000
9	2000
9	3000
9	8000
9	2000
9	1000
9	2000
9	2000
9	3000
9	5000
9	2000
9	3000
9	3000
9	1000
9	4000
9	3000
9	1000
9	2000
9	2000
9	2000
9	3000
9	1000
9	2000
9	2000
9	4000
9	2000
9	3000
9	3000
9	2000
9	3000
9	3000
9	2000
9	4000
9	2000
9	2000
9	2000
9	1000
9	1000
9	4000
9	4000
9	2000
9	2000
9	1000
9	3000
9	5000
9	5000
9	3000
9	3000
9	3000
9	4000
9	3000
9	4000
9	3000
9	2000
9	2000
9	1000
9	4000
9	2000
9	3000
9	2000
9	6000
9	3000
9	3000
9	1000
9	3000
9	3000
9	1000
9	6000
9	11000
9	2000
9	2000
9	3000
9	2000
9	2000
9	1000
9	7000
9	8000
9	3000
9	3000
9	6000
9	6000
9	2000
9	5000
9	3000
9	2000
9	4000
9	5000
9	1000
9	3000
9	4000
9	2000
9	4000
9	3000
9	7000
9	3000
9	4000
9	2000
9	2000
9	4000
9	4000
9	2000
9	4000
9	2000
9	5000
9	4000
9	3000
9	3000
9	2000
9	2000
9	2000
9	7000
9	2000
9	2000
9	2000
9	2000
9	4000
9	2000
9	3000
9	4000
9	4000
9	2000
9	5000
9	3000
9	3000
9	5000
9	2000
9	4000
9	2000
9	3000
9	3000
9	2000
9	4000
9	24000
9	23000
9	2000
9	5000
9	3000
9	5000
9	5000
9	3000
9	2000
9	3000
9	5000
9	5000
9	9000
9	4000
9	3000
9	3000
9	3000
9	8000
9	1000
9	2000
9	3000
9	2000
9	1000
9	2000
9	2000
9	8000
9	7000
9	3000
9	2000
9	2000
9	12000
9	7000
9	6000
9	3000
9	2000
9	4000
9	3000
9	2000
9	2000
9	4000
9	4000
9	4000
9	4000
9	3000
9	3000
9	3000
9	4000
9	3000
9	1000
9	2000
9	6000
9	3000
9	11000
9	12000
9	5000
9	4000
9	4000
9	3000
9	3000
9	10000
9	3000
9	2000
9	5000
9	2000
9	4000
9	1000
9	8000
9	2000
9	7000
9	1000
9	5000
9	6000
9	3000
9	6000
9	2000
9	12000
9	6000
9	13000
9	13000
9	3000
9	2000
9	3000
9	1000
9	3000
9	6000
9	4000
9	3000
9	4000
9	6000
9	3000
9	7000
9	7000
9	14000
9	5000
9	4000
9	14000
9	9000
9	5000
9	3000
9	7000
9	4000
9	2000
9	2000
9	4000
9	6000
9	12000
9	2000
9	12000
9	2000
9	4000
9	4000
9	5000
9	4000
9	2000
9	3000
9	5000
9	3000
9	1000
9	2000
9	3000
9	2000
9	2000
9	3000
9	5000
9	3000
9	4000
9	6000
9	2000
9	3000
9	4000
9	3000
9	3000
9	2000
9	5000
9	2000
9	3000
9	3000
9	6000
9	2000
9	3000
9	3000
9	1000
9	5000
9	2000
9	4000
9	2000
9	5000
9	2000
9	3000
9	1000
9	4000
9	4000
9	3000
9	2000
9	6000
9	2000
9	8000
9	4000
9	11000
9	3000
9	7000
9	1000
9	4000
9	3000
9	3000
2	4000
2	2000
2	3000
2	3000
2	2000
2	2000
2	2000
2	2000
2	2000
2	10000
2	5000
2	2000
2	9000
2	10000
2	4000
2	4000
2	2000
2	3000
2	3000
2	3000
2	3000
2	2000
2	2000
2	4000
2	6000
2	5000
2	4000
2	2000
2	3000
2	2000
2	4000
2	2000
2	3000
2	2000
2	2000
2	2000
2	3000
2	2000
2	4000
2	2000
2	2000
2	2000
2	2000
2	5000
2	6000
2	4000
2	6000
2	2000
2	4000
2	3000
2	5000
2	3000
2	4000
2	3000
2	3000
2	2000
2	2000
2	4000
2	2000
2	4000
2	3000
2	2000
2	2000
2	2000
2	4000
2	4000
2	4000
2	4000
2	4000
2	3000
2	1002
2	2000
2	2000
2	2000
2	7000
2	7000
2	10000
2	4000
2	16000
2	2000
2	4000
2	8000
2	8000
2	4000
2	3000
2	2000
2	4000
2	9000
2	2000
2	3000
2	4000
2	2000
2	4000
2	2000
2	7000
2	2000
2	3000
2	9000
2	2000
2	9000
2	2000
2	3000
2	5000
2	2000
2	4000
2	2000
2	2000
2	3000
2	1000
2	2000
2	4000
2	3000
2	4000
2	4000
2	2000
2	3000
2	5000
2	4000
2	5000
2	1000
2	14000
2	6000
2	1000
2	2000
2	2000
2	11000
2	3000
2	4000
2	5000
2	6000
2	4000
2	5000
2	4000
2	1000
2	3000
2	3000
2	3000
2	3000
2	2000
2	8000
2	8000
2	1000
2	2000
2	2000
2	3000
2	5000
2	5000
2	17000
2	4000
2	1000
2	2000
2	3000
2	4000
2	10000
2	3000
2	6000
2	2000
2	3000
2	3000
2	2000
2	2000
2	5000
2	3000
2	3000
2	4000
2	3000
2	9000
2	4000
2	3000
2	24000
2	3000
2	18000
2	2000
2	2000
2	2000
2	5000
2	7000
2	3000
2	4000
2	2000
2	3000
2	3000
2	7000
2	7000
2	11000
2	5000
2	8000
2	14000
2	7000
2	7000
2	2000
2	2000
2	3000
2	4000
2	3000
2	2000
2	5000
2	2000
2	2000
2	3000
2	6000
2	5000
2	5000
2	6000
2	4000
2	2000
2	4000
2	4000
2	4000
2	3000
2	5000
2	3000
2	3000
2	3000
2	4000
2	6000
2	3000
2	2000
2	3000
2	3000
2	2000
2	4000
2	12000
2	10000
2	5000
2	3000
2	17000
2	5000
2	40000
2	7000
2	15000
2	41000
2	6000
2	24000
2	15000
2	2000
2	64000
2	17000
2	11000
2	3000
2	5000
2	12000
2	3000
2	6000
2	7000
2	22000
2	15000
2	17000
2	16000
2	21000
2	9000
2	3000
2	22000
2	2000
2	3000
2	1000
2	2000
2	8000
2	5000
2	4000
2	2000
2	2000
2	2000
2	2000
2	4000
2	2000
2	2000
2	3000
2	6000
12	5000
12	5000
12	1000
12	2000
12	5000
12	4000
12	3000
12	2000
12	4000
12	2000
12	5000
12	4000
12	4000
12	25000
12	5000
12	5000
12	15000
12	12000
12	8000
12	3000
12	17000
12	20000
12	15000
12	4000
12	3000
12	14000
12	18000
12	37000
12	3000
12	6000
12	16000
12	2000
12	2000
12	7000
12	3000
12	2000
12	4000
12	6000
12	11000
12	3000
12	2000
12	2000
12	3000
12	1000
12	4000
12	1000
12	2000
12	2000
12	6000
12	4000
12	6000
12	6000
12	15000
12	3000
12	4000
12	6000
12	1000
12	6000
12	3000
12	3000
12	2000
12	7000
12	2000
12	3000
12	2000
12	1000
12	2000
12	2000
12	2000
12	5000
12	2000
12	3000
12	2000
12	3000
12	2000
12	4000
12	5000
12	2000
12	11000
12	3000
12	5000
12	3000
12	2000
12	2000
12	13000
12	1000
12	3000
12	3000
12	7000
12	6000
12	7000
12	5000
12	2000
12	2000
12	3000
12	8000
12	5000
12	2000
12	3000
12	2000
12	3000
12	2000
12	6000
12	2000
12	5000
12	5000
12	2000
12	2000
12	5000
12	3000
12	3000
12	2000
12	2000
12	2000
12	2000
12	5000
12	2000
12	9000
12	4000
12	2000
12	3000
12	4000
12	4000
12	6000
12	6000
12	3000
12	2000
12	2000
12	2000
12	5000
12	8000
12	6000
12	3000
12	2000
12	2000
12	4000
12	8000
12	4000
12	8000
12	6000
12	5000
12	4000
12	5000
12	3000
12	2000
12	2000
12	11000
12	6000
12	5000
12	2000
12	4000
12	3000
12	3000
12	3000
12	1000
12	21000
12	6000
12	2000
12	1000
12	2000
12	4000
12	11000
12	3000
12	1000
12	1000
12	3000
12	3000
12	3000
12	2000
12	3000
12	3000
12	10000
12	7000
12	5000
12	4000
12	2000
12	9000
12	4000
12	10000
12	2000
12	2000
12	2000
12	2000
12	2000
12	3000
12	2000
12	2000
12	2000
12	2000
12	2000
12	3000
12	5000
12	2000
12	4000
12	2000
12	6000
12	2000
12	2000
12	2000
12	2000
12	6000
12	3000
12	4000
12	3000
12	3000
12	2000
12	3000
12	2000
12	9000
12	2000
12	3000
12	4000
12	3000
12	8000
12	4000
12	2000
12	4000
12	2000
12	20000
12	8000
12	2000
12	2000
12	2000
12	3000
12	2000
12	4000
12	6000
12	2000
12	5000
12	22000
12	16000
12	3000
12	5000
12	11000
12	6000
12	6000
12	3000
12	2000
12	7000
12	4000
12	3000
12	3000
12	3000
12	3000
12	5000
12	4000
12	3000
12	5000
12	2000
12	5000
12	3000
12	3000
12	5000
12	4000
12	10000
12	5000
12	5000
12	2000
12	3000
12	3000
12	5000
12	2000
12	1000
12	3000
12	4000
12	5000
12	17000
12	6000
12	3000
12	4000
12	9000
12	2000
12	4000
12	3000
12	3000
12	5000
12	2000
12	5000
12	2000
12	9000
12	5000
12	1000
12	4000
12	6000
12	3000
12	2000
12	7000
12	2000
12	3000
12	3000
12	2000
12	2000
12	7000
12	3000
12	2000
12	5000
12	7000
12	8000
12	3000
12	6000
12	2000
12	2000
12	3000
12	2000
12	4000
12	5000
12	3000
12	4000
12	4000
12	2000
12	4000
12	3000
12	3000
12	2000
12	5000
12	2000
12	2000
12	2000
12	4000
12	7000
12	4000
12	4000
12	2000
12	5000
12	2000
12	2000
12	1000
12	2000
12	2000
12	5000
12	3000
12	4000
12	1000
12	1000
12	3000
12	2000
12	4000
12	6000
12	4000
12	4000
12	2000
12	3000
12	7000
12	4000
12	2000
12	7000
12	7000
12	2000
12	2000
12	1000
12	1000
12	3000
12	5000
12	7000
12	3000
12	16000
12	3000
12	7000
12	4000
12	14000
12	2000
12	5000
12	5000
12	10000
12	5000
12	2000
12	3000
12	1000
12	3000
12	1000
12	1000
12	6000
12	2000
12	2000
12	20000
12	4000
12	3000
12	3000
12	2000
12	2000
12	4000
12	2000
12	3000
12	4000
12	2000
12	3000
12	2000
12	2000
12	3000
12	4000
12	17000
12	3000
12	2000
12	9000
12	6000
12	2000
12	6000
12	3000
12	3000
12	2000
12	3000
12	5000
12	11000
12	6000
12	2000
12	4000
12	3000
12	6000
12	5000
12	3000
12	6000
12	3000
12	7000
12	8000
12	3000
12	9000
12	11876
12	3000
12	15000
12	3000
12	3000
12	5000
12	2000
12	5000
12	6000
12	2000
12	7000
12	7000
12	9000
12	3000
12	6000
12	6000
12	4000
12	16000
12	10000
12	2000
12	11000
12	3000
12	4000
12	2000
12	3000
12	5000
12	4000
12	3000
12	2000
12	2000
12	2000
12	4000
12	3000
12	5000
12	12000
12	3000
12	4000
12	4000
12	4000
12	5000
12	7000
12	22000
12	4000
12	8000
12	2000
12	2000
12	18000
12	3000
12	4000
12	3000
12	3000
12	6000
12	11000
12	3000
12	3000
12	8000
12	3000
12	2000
12	3000
12	13000
12	4000
12	13000
12	1000
12	4000
12	11000
12	2000
12	8000
12	4000
12	2000
12	3000
12	3000
12	4000
12	1000
12	2000
12	11000
12	1000
12	3000
12	2000
12	3000
12	2000
12	10000
12	4000
12	2000
12	3000
12	3000
12	3000
12	4000
12	3000
12	10000
12	3000
12	11000
12	3000
12	4000
12	2000
12	3000
12	5000
12	14000
12	4000
12	3000
12	2000
12	10000
12	3000
12	3000
12	5000
12	2000
12	3000
12	5000
12	6000
12	9000
12	6000
12	6000
12	4000
12	5000
12	2000
12	5000
12	2000
12	7000
12	4000
12	3000
12	3000
12	4000
12	2000
12	2000
12	2000
12	4000
12	3000
12	3000
12	2000
12	1000
12	2000
12	5000
12	1000
12	3000
12	3000
12	3000
12	4000
12	3000
12	3000
12	8000
12	2000
12	16000
12	2000
12	2000
12	2000
12	11000
12	3000
12	2000
12	25000
12	6000
12	4000
12	11000
12	5000
12	8000
12	3000
12	5000
12	2000
12	5000
12	4000
12	26000
12	7000
12	10000
12	6000
12	11000
12	3000
12	13000
12	5000
12	10000
12	2000
12	11000
12	5000
12	2000
12	10000
12	21000
12	8000
12	5000
12	6000
12	19000
12	2000
12	3000
12	18000
12	4000
12	9000
12	5000
12	4000
12	2000
12	6000
12	8000
12	6000
12	5000
12	4000
12	14000
12	7000
12	10000
12	3000
12	14000
12	3000
12	7000
12	2000
12	2000
12	4000
12	17000
12	2000
12	3000
12	13000
12	4000
12	4000
12	5000
12	5000
12	2000
12	12000
12	2000
12	8000
12	15000
12	4000
12	7000
12	8000
12	24000
12	4000
12	4000
12	2000
12	5000
12	11000
12	3000
12	2000
12	7000
12	3000
12	2000
12	3000
12	5000
12	7000
12	4000
12	2000
12	3000
12	15000
12	2000
12	5000
12	5000
12	2000
12	2000
12	2000
12	2000
12	3000
12	1000
12	2000
12	9000
12	3000
12	3000
12	3000
12	4000
12	5000
12	2000
12	3000
12	3000
12	2000
12	15000
12	2000
12	2000
12	2000
12	4000
12	2000
12	3000
12	3000
12	5000
12	3000
12	5000
12	4000
12	2000
12	3000
12	3000
12	1000
12	4000
12	6000
12	2000
12	1000
12	4000
12	5000
12	7000
12	3000
12	3000
12	6000
12	3000
12	5000
12	5000
12	2000
12	2000
12	3000
12	2000
12	3000
12	3000
12	4000
12	7000
12	2000
12	4000
12	9000
12	2000
12	3000
12	4000
12	3000
12	9000
12	4000
12	1000
12	6000
12	10000
12	7000
12	3000
12	3000
12	6000
12	3000
12	3000
12	2000
12	4000
12	2000
12	3000
12	2000
12	1000
12	5000
12	3000
12	3000
12	4000
12	2000
12	2000
12	4000
12	2000
12	3000
12	3000
12	7000
12	4000
12	4000
12	7000
12	2000
12	5000
12	5000
12	12000
12	1000
12	3000
12	6000
12	4000
12	3000
12	11000
12	2000
12	3000
12	4000
12	3000
12	2000
12	9000
12	2000
12	3000
12	2000
12	5000
12	3000
12	1000
12	1000
12	2000
12	2000
12	1000
12	2000
12	3000
12	3000
12	3000
12	1000
12	3000
12	3000
12	4000
12	3000
12	2000
12	1000
12	1000
12	3000
12	5000
12	3000
12	8000
12	5000
12	9000
12	2000
12	2000
12	4000
12	2000
12	20000
12	3000
12	4000
12	2000
12	2000
12	1000
12	5000
12	4000
12	8000
12	2000
12	7000
12	4000
12	4000
12	3000
12	4000
12	3000
12	6000
12	2000
12	4000
12	3000
12	13000
12	13000
12	2000
12	3000
12	3000
12	2000
12	2000
12	1000
12	2000
12	3000
12	2000
12	2000
12	7000
12	2000
12	1000
12	3000
12	4000
12	2000
12	5000
12	3000
12	4000
12	2000
12	1000
12	11000
12	5000
12	2000
12	3000
12	4000
12	2000
12	4000
12	10000
12	1000
12	6000
12	3000
12	6000
12	2000
12	4000
12	3000
12	6000
12	3000
12	2000
12	2000
12	9000
12	2000
12	3000
12	3000
12	2000
12	2000
12	6000
12	4000
12	3000
12	2000
12	5000
12	2000
12	5000
12	2000
12	5000
12	3000
12	4000
12	2000
12	2000
12	3000
12	4000
12	3000
12	1000
12	3000
12	1000
12	2000
12	6000
12	3000
12	3000
12	3426
12	2000
12	2000
12	3000
12	1000
12	3000
12	5000
12	8000
12	1000
12	4000
12	2000
12	4000
12	6000
12	2000
12	5000
12	3000
12	2000
12	2000
12	3000
12	6000
12	3000
12	4000
12	2000
12	3000
12	4000
12	2000
12	5000
12	2000
12	8000
12	3000
12	3000
12	3000
12	3000
12	2000
12	6000
12	4000
12	5000
12	4000
12	8000
12	3000
12	19000
12	1000
12	3000
12	2000
12	3000
12	1000
12	4000
12	2000
12	2000
12	2000
12	3000
12	4000
12	5000
12	2000
12	4000
12	4000
12	5000
12	3000
12	2000
12	4000
12	4000
12	9000
12	12000
12	5000
12	2000
12	7000
12	17000
12	19000
12	4000
12	9000
12	18000
12	4000
12	4000
12	8000
12	4000
12	5000
12	8000
12	9000
12	13000
12	4000
12	3000
12	6000
12	3000
12	1000
12	1000
12	4000
12	3000
12	2000
7	3000
7	2000
7	1000
7	5000
7	3000
7	2000
7	3000
7	5000
7	4000
7	5000
7	2000
7	1000
7	3000
7	2000
7	2000
7	3000
7	7000
7	13000
7	2000
7	3000
7	1000
7	2000
7	4000
7	1000
7	3000
7	2000
7	2000
7	2000
7	2000
7	2000
7	1000
7	1000
7	2000
7	1000
7	7000
7	2000
7	2000
7	2000
7	3000
7	2000
7	9000
7	4000
7	3000
7	2000
7	4000
7	4000
7	3000
7	2000
7	4000
7	6000
7	1000
7	4000
7	2000
7	3000
7	4000
7	4000
7	2000
7	4000
7	3000
7	2000
7	4000
7	15000
7	4000
7	3000
7	4000
7	5000
7	3000
7	3000
7	4000
7	1000
7	4000
7	15000
7	2000
7	3000
7	3000
7	6000
7	4000
7	2000
7	1000
7	5000
7	4000
7	8000
7	2000
7	4000
7	12000
7	2000
7	2000
7	4000
7	7000
7	5000
7	2000
7	4000
7	7000
7	2000
7	4000
7	2000
7	3000
7	3000
7	3000
7	7000
7	8000
7	3000
7	3000
7	11000
7	2000
7	9000
7	3000
7	4000
7	2000
7	3000
7	1000
7	4000
7	3000
7	3000
7	4000
7	4000
7	3000
7	3000
7	1000
7	8000
7	2000
7	3000
7	5000
7	5000
7	3000
7	3000
7	1000
7	3000
7	4000
7	2000
7	3000
7	2000
7	4000
7	3000
7	2000
7	1000
7	2000
7	3000
7	2000
7	4000
7	3000
7	9000
7	2000
7	11000
7	2000
7	4000
7	2000
7	3000
7	2000
7	5000
7	8000
7	4000
7	2000
7	4000
7	6000
7	6000
7	4000
7	4000
7	3000
7	1000
7	3000
7	2000
7	2000
7	4000
7	5000
7	6000
7	5000
7	4000
7	6000
7	5000
7	2000
7	1000
7	1000
7	2000
7	2000
7	5000
7	3000
7	9000
7	4000
7	10000
7	5000
7	3000
7	4000
7	2000
7	3000
7	3000
7	2000
7	2000
7	3000
7	1000
7	2000
7	3000
7	3000
7	2000
7	2000
7	2000
7	3000
7	3000
7	4000
7	3000
7	4000
7	5000
7	2000
7	3000
7	7000
7	4000
7	4000
7	2000
7	3000
7	1000
7	1000
7	5000
7	3000
7	2000
7	3000
7	2000
7	2000
7	3000
7	1000
7	2000
7	3000
7	2000
7	2000
7	2000
7	2000
7	2000
7	2000
7	1000
7	11000
7	7000
7	4000
7	4000
7	5000
7	3000
7	6000
7	3000
7	4000
7	3000
7	4000
7	2000
7	14000
7	5000
7	2000
7	1000
7	2000
7	1000
7	6000
7	5000
7	2000
7	5000
7	4000
7	5000
7	6000
7	4000
7	4000
7	1000
7	1000
7	4000
7	2000
7	2000
7	2000
7	3000
7	3000
7	10000
7	2000
7	2000
7	2000
7	3000
7	2000
7	3000
7	3000
7	1999
7	2000
7	2000
7	2000
7	2000
7	4000
7	3000
7	2000
7	4000
7	4000
7	2000
7	4000
7	2000
7	2000
7	4000
7	2000
7	4000
7	2000
7	1000
7	3000
7	3000
7	4000
7	3000
7	2000
7	4000
7	2000
7	4000
7	2000
7	1000
7	3000
7	2000
7	2000
7	2000
7	5000
7	3000
7	2000
7	3000
7	8000
7	3000
7	3000
7	4000
7	2000
7	4000
7	2000
7	2000
7	3000
7	2000
7	2000
7	5000
7	3000
7	3000
7	1000
7	3000
7	3000
7	2000
7	2000
7	2000
7	3000
7	4000
7	1000
7	1000
7	3000
7	3000
7	2000
7	2000
7	3000
7	3000
7	1000
7	2000
7	4000
7	3000
7	3000
7	7000
7	5000
7	4000
7	8000
7	2000
7	2000
7	3000
7	2000
7	3000
7	2000
7	2000
7	3000
7	3000
7	4000
7	1000
7	3000
7	2000
7	2000
7	2000
7	2000
7	1000
7	3000
7	2000
7	1000
7	2000
7	2000
7	2000
7	2000
7	4000
7	2000
7	2000
7	2000
7	1000
7	4000
7	5000
7	2000
7	4000
7	64
7	2000
7	2000
7	5000
7	1000
7	2000
7	3000
7	4000
7	2000
7	2000
7	1000
7	3000
7	2000
7	3000
7	1000
7	3000
7	6000
7	1000
7	3000
7	6000
7	2000
7	2000
7	5000
7	3000
7	3000
7	3000
7	2000
7	3000
7	1000
7	2000
7	2000
7	8000
7	5000
7	5000
7	2000
7	8000
7	4000
7	5000
7	5000
7	4000
7	4000
7	2000
7	3000
7	4000
7	3000
7	1000
7	4000
7	4000
7	2000
7	2000
7	2000
7	2000
7	2000
7	2000
7	5000
7	1000
7	5000
7	5000
7	2000
7	3000
7	2000
7	2000
7	4000
7	986
7	4000
7	2000
7	6000
7	2000
7	2000
7	2000
7	5000
7	9000
7	2000
7	3000
7	4000
7	2000
7	1000
7	2000
7	4000
7	2000
7	7000
7	3000
7	3000
7	3000
7	4000
7	3000
7	2000
7	1000
7	1000
7	2000
7	2000
7	3000
7	3000
7	8000
7	4000
7	2000
7	2000
7	3000
7	4000
7	1000
7	4000
7	2000
7	2000
7	3000
7	1000
7	3000
7	6000
7	2000
7	1000
7	3000
7	2000
7	5000
7	3000
7	3000
7	3000
7	6000
7	5000
7	2000
7	9000
7	2000
7	2000
7	3000
7	2000
7	2000
7	13000
7	2000
7	4000
7	3000
7	2000
7	2000
7	2000
7	1000
7	2000
7	4000
7	3000
7	3000
7	1000
7	3000
7	5000
7	3000
7	3000
7	2000
7	3000
7	6000
7	2000
7	2000
7	4000
7	5000
7	7000
7	15000
7	7000
7	1000
7	4000
7	2000
7	5000
7	7000
7	5000
7	2000
7	2000
7	4000
7	2000
7	3000
7	5000
7	1000
7	4000
7	3000
7	3000
7	2000
7	3000
7	5000
7	3000
7	1000
7	5000
7	3000
7	1000
7	4000
7	3000
7	3000
7	3000
7	4000
7	2000
7	3000
7	2000
7	2000
7	2000
7	2000
7	2000
7	2000
7	1000
7	3000
7	3000
7	5000
7	2000
7	3000
7	7000
7	16000
7	2000
7	4000
7	3000
7	2000
7	3000
7	12000
7	3000
7	3000
7	2000
7	3000
7	5000
7	2000
7	2000
7	4000
7	2000
7	3000
7	4000
7	2000
7	3000
7	1000
7	4000
7	22000
7	3000
7	4000
7	4000
7	3000
7	3000
7	2000
7	3000
7	4000
7	3000
7	2000
7	3000
7	1000
7	6000
7	3000
7	3000
7	2000
7	14000
7	12000
7	2000
7	12000
7	5000
7	4000
7	1000
7	2000
7	4000
7	2000
7	7000
7	6000
7	1000
7	3000
7	2000
7	2000
7	4000
7	6000
7	1000
7	2000
7	2000
7	4000
7	7000
7	38000
7	16000
7	3000
7	5000
7	22000
7	3000
7	1000
7	4000
7	2000
7	5000
7	2000
7	1000
7	2000
7	2000
7	3000
7	3000
7	5000
7	2000
7	3000
7	2000
7	2000
7	6000
7	3000
7	2000
7	6000
7	2000
7	3000
7	1000
7	2000
7	4000
7	5000
7	2000
7	5000
7	1000
7	4000
7	6000
7	8000
7	11000
7	5000
7	1000
7	2000
7	3000
7	3000
7	1000
7	5000
7	2000
7	1000
7	2000
7	2000
7	2000
7	2000
7	1000
7	2000
7	15000
7	3000
7	2000
7	3000
7	3000
7	2000
7	3000
7	2000
7	4000
7	2000
7	4000
7	4000
7	4000
7	2000
7	2000
7	2000
7	2000
7	1197
7	2000
7	3000
7	2000
7	4000
7	2000
7	2000
7	3000
7	4000
7	5000
7	2000
7	2000
7	2000
7	4000
7	3000
7	3000
7	4000
7	3000
7	9000
7	4000
7	2000
7	2000
7	2000
7	1000
7	6000
7	1000
7	11000
7	13000
7	4000
7	11000
7	6000
7	4000
7	6000
7	3000
7	3000
7	3000
7	2000
7	2000
7	2000
7	2000
7	2000
7	2000
7	3000
7	2000
7	4000
7	2000
7	4000
7	3000
7	8000
7	3000
7	3000
7	9000
7	2000
7	5000
7	2000
7	8000
7	2000
7	3000
7	3000
10	3000
10	2000
10	6000
10	6000
10	2000
10	6000
10	100000
10	2000
10	4000
10	1000
10	2000
10	4000
10	3000
10	3000
10	3000
10	4000
10	5000
10	5000
10	5000
10	5000
10	5000
10	6000
10	2000
10	6000
10	5000
10	5000
10	2000
10	2000
10	3000
10	3000
10	6000
10	2000
10	2000
10	5000
10	3000
10	51000
10	2000
10	4000
10	2000
10	2000
10	6000
10	3000
10	1000
10	3000
10	3000
10	2000
10	2000
10	2000
10	1000
10	3000
10	5000
10	1000
10	1000
10	5000
10	2000
10	5000
10	1000
10	6000
10	5000
10	7000
10	6000
10	3000
10	2000
10	7000
10	2000
10	4000
10	2000
10	6000
10	2000
10	4000
10	3000
10	2000
10	5000
10	3000
10	4000
10	4000
10	5000
10	4000
10	5000
10	3000
10	2000
10	2000
10	5000
10	2000
10	5000
10	3000
10	8000
10	6000
10	3000
10	3000
10	6000
10	122000
10	2000
10	3000
10	3000
10	7000
10	3000
10	3000
10	6000
10	5000
10	5000
10	7000
10	18000
10	22000
10	2000
10	4000
10	2000
10	21000
10	32000
10	79000
10	3000
10	5000
10	4000
10	3000
10	6000
10	6000
10	3000
10	4000
10	3000
10	2000
10	2000
10	6000
10	1000
10	8000
10	12000
10	3000
10	6000
10	7000
10	4000
10	3000
10	3000
10	2000
10	3000
10	2000
10	5000
10	5000
10	3000
10	3000
10	3000
10	4000
10	7000
10	2000
10	5000
10	6000
10	9000
10	11000
10	13000
10	5000
10	2000
10	6000
10	2000
10	3000
10	5000
10	2000
10	3000
10	5000
10	5000
10	4000
10	6000
10	4000
10	4000
10	2000
10	5000
10	2000
10	5000
10	6000
10	6000
10	7000
10	3000
10	6000
10	3000
10	4000
10	2000
10	4000
10	35000
10	2000
10	43000
10	4000
10	4000
10	150000
10	10000
10	11000
10	4000
