label	length
7	2000
7	2000
7	2000
7	5000
7	2000
7	3000
7	3000
7	3000
7	4000
7	3000
7	2000
7	5000
7	2000
7	2000
7	5000
7	5000
7	2000
7	2000
7	2000
7	2000
7	5000
7	3000
7	2000
7	2000
7	3000
7	2000
7	5000
7	2000
7	2000
7	3000
7	3000
7	3000
7	2000
7	2000
7	6000
7	3000
7	2000
7	2000
7	2000
7	3000
7	5000
7	2000
7	5000
7	2000
7	3000
7	2000
7	4000
7	2000
7	2000
7	2000
7	2000
7	6000
7	3000
7	2000
7	3000
7	2000
7	8000
7	5000
7	3000
7	5000
7	2000
7	3000
7	5000
7	2000
7	3000
7	9000
7	2000
7	4000
7	5000
7	3000
7	4000
7	6000
7	2000
7	2000
7	3000
7	10000
7	4000
7	3000
7	6000
7	2000
7	2000
7	2000
7	4000
7	3000
7	2000
7	2000
7	5000
7	2000
7	2000
7	3000
7	2000
7	2000
7	2000
7	4000
7	2000
7	2000
7	4000
7	2000
7	2000
7	3000
7	2000
7	4000
7	2000
7	2000
7	5000
7	2000
7	3000
7	4000
7	3000
7	12000
7	2000
7	6000
7	2000
7	2000
7	2000
7	5000
7	2000
7	3000
7	2000
7	9000
7	2000
7	2000
7	2000
7	5000
7	5000
7	3000
7	2000
7	18000
7	10000
7	5000
7	2000
7	2000
7	2000
7	2000
7	8000
7	2000
7	4000
7	2000
7	2000
7	2000
7	3000
7	15000
7	3000
7	2000
7	3000
7	3000
7	2000
7	2000
7	2000
7	2000
7	2000
7	2000
7	2000
7	2000
7	3000
7	2000
3	2000
3	21000
3	5000
3	5000
3	2000
3	6000
3	2000
3	2000
3	8000
3	4000
3	6000
3	2000
3	4000
3	2000
3	2000
3	2000
3	12000
3	4000
3	5000
3	2000
3	2000
3	2000
3	2000
3	7000
3	2000
3	2000
3	2000
3	2000
3	2000
3	4000
3	3000
3	2000
3	2000
3	2000
3	5000
3	3000
3	4000
3	3000
3	3000
3	2000
3	3000
3	2000
3	1000
3	4000
3	14000
3	14000
3	2000
3	3000
3	3000
3	12000
3	6000
3	3000
3	3000
3	2000
3	2000
3	2000
3	5000
3	2000
3	2000
3	6000
3	4000
3	3000
3	8000
3	22000
3	4000
3	3000
3	2000
3	2000
3	5000
3	2000
3	5000
3	3000
3	2000
3	6000
3	7000
3	4000
3	2000
3	2000
3	11000
3	22000
3	12000
3	2000
3	2000
3	5000
3	2000
3	14000
3	3000
3	15000
3	10000
3	3000
3	2000
3	2000
3	3000
3	2000
3	2000
3	2000
3	3000
3	2000
3	2000
3	8000
3	2000
3	2000
3	6000
3	7000
3	3000
3	4000
3	2000
3	3000
3	4000
3	5000
3	5000
3	10000
3	8000
3	2000
3	3000
3	2000
3	2000
3	4000
3	6000
3	2000
3	3000
3	34000
3	10000
3	9000
3	6000
3	2000
3	7000
3	19000
3	6000
3	2000
3	2000
3	2000
3	9000
3	2000
3	3000
3	7000
3	2000
3	2000
3	2000
3	3000
3	13000
3	9000
3	7000
3	3000
3	10000
3	5000
3	4000
3	2000
3	4000
3	4000
3	7000
3	6000
3	3000
3	5000
3	2000
3	4000
3	8000
3	2000
3	2000
3	6000
3	3000
3	18000
3	4000
3	2000
3	2000
3	2000
3	14000
3	13000
3	4000
3	14000
3	3000
3	16000
3	19000
3	11000
3	3000
3	9000
3	2000
3	3000
3	2000
3	4000
3	2000
3	4000
3	5000
3	5000
3	5000
3	3000
3	2000
3	2000
3	2000
3	3000
3	2000
3	2000
3	6000
3	3000
3	4000
3	6000
3	11000
3	7000
3	6000
3	4000
3	2000
2	2000
2	18000
2	28000
2	9000
2	22000
2	5000
2	3000
2	3000
2	22000
2	8000
2	3000
2	3000
2	3000
2	7000
2	5000
2	8000
2	5000
2	4000
2	6000
2	10000
2	9000
2	2000
2	6000
2	2000
2	2000
2	11000
2	5000
2	7000
2	8000
2	2000
2	3000
2	13000
2	5000
2	24000
2	6000
2	9000
2	43000
2	13000
2	10000
2	23000
2	8000
2	13000
2	5000
2	12000
2	10000
2	18000
2	19000
2	13000
2	8000
2	8000
2	2000
2	4000
2	15000
2	9000
2	12000
2	11000
2	34000
2	21000
2	2000
2	12000
2	4000
2	7000
2	4000
2	45000
2	43000
2	38000
2	2000
2	3000
2	5000
2	3000
2	5000
2	30000
2	3000
2	3000
2	3000
2	9000
2	4000
2	2000
2	25000
2	12000
2	4000
2	4000
2	9000
2	8000
2	4000
2	11000
2	3000
2	6000
2	10000
2	6000
2	13000
2	22000
2	7000
2	6000
2	12000
2	11000
2	22000
2	2000
2	13000
2	2000
2	2000
2	3000
2	2000
2	9000
2	2000
2	4000
2	1000
2	5000
2	5000
2	5000
2	6000
2	2000
2	4000
2	2000
2	4000
2	7000
2	13000
2	18000
2	8000
2	5000
2	3000
2	24000
2	14000
2	37000
2	27000
2	4000
2	22000
2	15000
2	17000
2	4000
2	2000
2	5000
2	8000
2	4000
2	10000
2	6000
2	2000
2	3000
2	3000
2	7000
2	58000
2	24000
2	6000
2	2000
2	4000
2	15000
2	69000
2	4000
2	7000
2	5000
2	6000
2	2000
2	11000
2	6000
2	5000
2	22000
2	8000
2	40000
2	5000
2	10000
2	2000
2	16000
2	32000
2	2000
2	8000
2	23000
2	8000
2	7000
2	5000
2	3000
2	4000
2	4000
2	2000
2	2000
2	2000
2	4000
2	3000
2	4000
2	2000
2	2000
2	3000
2	11000
2	6000
2	6000
2	23000
2	9000
2	3000
2	2000
2	7000
2	2000
2	6000
2	2000
2	5000
2	6000
2	2000
2	2000
2	16000
2	2000
2	2000
2	21000
2	2000
2	7000
2	2000
2	4000
2	24000
2	68000
2	5000
2	13000
2	3000
2	4000
2	1000
2	3000
2	3000
2	4000
2	6000
2	7000
2	6000
2	5000
2	17000
2	11000
2	10000
2	3000
2	3000
2	7000
2	2000
2	1000
2	3000
2	6000
2	4000
2	2000
2	12000
2	7000
2	8000
2	5000
2	3000
2	3000
2	5000
2	3000
2	2000
2	15000
2	2000
2	4000
11	3000
11	2000
11	2000
11	2000
11	2000
11	2000
11	2000
11	2000
11	2000
11	2000
11	2000
11	3000
11	2000
11	2000
11	2000
11	2000
11	2000
11	2000
11	2000
11	2000
11	4000
11	2000
11	2000
11	2000
11	2000
11	2000
11	2000
11	4000
11	3000
11	2000
11	2000
11	2000
11	3000
11	2000
11	2000
11	5000
11	2000
11	2000
11	2000
11	3000
11	3000
11	2000
11	2000
11	2000
11	2000
11	3000
11	2000
11	2000
11	2000
11	2000
11	2000
11	2000
11	2000
11	2000
11	2000
11	3000
11	3000
11	2000
11	2000
11	2000
11	2000
11	2000
11	2000
11	2000
11	3000
11	2000
11	2000
11	2000
11	2000
11	2000
11	2000
11	2000
11	3000
11	2000
11	2000
11	2000
11	2000
11	2000
11	2000
11	2000
11	2000
11	3000
11	4000
11	2000
11	2000
11	2000
11	4000
11	2000
11	2000
11	2000
11	2000
11	2000
11	3000
12	5000
12	2000
12	2000
12	4000
12	2000
12	4000
12	4000
12	3000
12	5000
12	7000
12	4000
12	2000
12	4000
12	4000
12	4000
12	3000
12	4000
12	4000
12	8000
12	3000
12	4000
12	1000
12	1000
12	6000
12	10000
12	3000
12	1000
12	1000
12	3000
12	1000
12	2000
12	2000
12	2000
12	1000
12	4000
12	3000
12	4000
12	1000
12	3000
12	2000
12	2000
12	2000
12	3000
12	3000
12	4000
12	1000
12	2000
12	4000
12	1000
12	2000
12	2000
12	2000
12	6000
12	1000
12	3000
12	2000
12	1000
12	2000
12	3000
12	1000
12	3000
12	2000
12	4000
12	3000
12	4000
12	1000
12	2000
12	1000
12	3000
12	2000
12	3000
12	3000
12	3000
12	5000
12	5000
12	6048
12	4000
12	2000
12	1000
12	3000
12	4000
12	3000
12	4000
12	2000
12	2000
12	5000
12	2000
12	2000
12	2000
12	4000
12	7000
12	2000
12	5000
12	1000
12	9000
12	1000
12	7000
12	5000
12	5000
12	3000
12	3000
12	3000
12	7000
12	5000
12	9000
12	4000
12	2000
12	2000
12	4000
12	3000
12	3000
12	3000
12	5000
12	3000
12	6000
12	2000
12	5000
12	6000
12	3000
12	2000
12	2000
12	4000
12	2000
12	3000
12	3000
12	2000
12	9000
12	3000
12	2000
12	4000
12	3000
12	9000
12	1000
12	8000
12	7000
12	3000
12	5000
12	4000
12	3000
12	1000
12	5000
12	2000
12	7000
12	3000
12	2000
12	6000
12	6000
12	2000
12	5000
12	4000
12	4000
12	5000
12	3000
12	2000
12	3000
12	4000
12	1000
12	6000
12	1000
12	4000
12	6000
12	5000
12	592
12	2000
12	2000
12	4000
12	2000
12	3000
12	5000
12	2000
12	3000
12	2000
12	3000
12	3000
12	2000
12	4000
12	2000
12	3000
12	3000
12	4000
12	1000
12	3000
12	2000
12	4000
12	1000
12	5000
12	3000
12	11000
12	1000
12	1000
12	2000
12	3000
12	1000
12	6000
12	4000
12	3000
12	7000
12	4000
12	3000
12	9000
12	4000
12	2000
12	2000
12	3000
12	3000
12	4000
12	4000
12	6000
12	4000
12	13000
12	10000
12	2000
12	7000
12	6000
12	16000
12	2000
12	3000
12	8000
12	5000
12	7000
12	1000
12	3000
12	3000
12	2000
12	4000
12	4000
12	2000
12	3000
12	3000
12	4000
12	8000
12	1000
12	4000
12	4000
12	1000
12	5000
12	3000
12	3000
12	3000
12	2000
12	2000
12	4000
12	6000
12	1000
12	4000
12	3000
12	4000
12	1000
12	2000
12	3000
12	2000
12	3000
12	4000
12	5000
12	3000
12	4000
12	4000
12	2000
12	2000
12	3000
12	3000
12	4000
12	2000
12	4000
12	3000
12	3000
12	2000
12	2000
12	3000
12	2000
12	2000
12	4000
12	6000
12	2000
12	4000
12	3000
12	2000
12	3000
12	4000
12	2000
12	7000
12	4000
12	2000
12	3000
12	4000
12	2000
12	8000
12	1000
12	3000
12	3000
12	4000
12	2000
12	2000
12	1000
12	3000
12	3000
12	3000
12	2000
12	3000
12	4000
12	4000
12	4000
12	9000
12	3000
12	6000
12	10000
12	3000
12	5000
12	2000
12	1000
12	5000
12	1000
12	2000
12	4000
12	3000
12	3000
12	2000
12	4000
12	1000
12	2000
12	4000
12	2000
12	5000
12	3000
12	2000
12	2000
12	2000
12	2000
12	3000
12	3000
12	5000
12	2000
12	3000
12	3000
12	2000
12	2000
12	2000
12	3000
12	7000
12	2000
12	4000
12	4000
12	3000
12	8000
12	11000
12	3000
12	16000
12	4000
12	3000
12	3000
12	7000
12	5000
12	3000
12	2000
12	3000
12	1000
12	6000
12	2000
12	10000
12	1000
12	6000
12	3000
12	1000
12	2000
12	4000
12	2000
12	2000
12	2000
12	4000
12	3000
12	4000
12	4000
12	3000
12	2000
12	1000
12	4000
12	6000
12	2000
12	2000
12	5000
12	3000
12	3000
12	5000
12	3000
12	3000
12	3000
12	3000
12	1000
12	2000
12	6000
12	3000
12	2000
12	2000
12	3000
12	2000
12	4000
12	3000
12	4000
12	1000
12	3000
12	4000
12	3000
12	1000
12	2000
12	4000
12	5000
12	3000
12	6000
12	1000
12	2000
12	3000
12	2000
12	3000
12	4000
12	8000
12	1000
12	2000
12	1000
12	4000
12	2000
12	2000
12	1000
12	1000
12	4000
12	3000
12	1
12	2000
12	2000
12	2000
12	2000
12	2000
12	6000
12	1000
12	1000
12	2000
12	2000
12	1000
12	2000
12	2000
12	2000
12	1000
12	3000
12	4000
12	2000
12	2000
12	2000
12	2000
12	3000
12	3000
12	1000
12	1000
12	1000
12	2000
12	2000
12	4000
12	3000
12	2000
12	1000
12	5000
12	2000
12	2000
12	2000
12	2000
12	4000
12	3000
12	3000
12	3000
12	1000
12	3000
12	3000
12	2000
12	7000
12	3000
12	3000
12	3000
12	4000
12	4000
12	6000
12	4000
12	3000
12	2000
12	2000
12	3000
12	2000
12	4000
12	2000
12	3000
12	10000
12	6000
12	3000
12	2000
12	3000
12	4000
12	7000
12	4000
12	3000
12	5000
12	2000
12	6000
12	5000
12	2000
12	1000
12	3000
12	2000
12	2000
12	3000
12	4000
12	7000
12	11000
12	2000
12	7000
12	1000
12	3000
12	7000
12	6000
12	1000
12	3000
12	1000
12	6000
12	3000
12	8000
12	2000
12	3000
12	8000
12	3000
12	11000
12	7000
12	2000
12	3000
12	3000
12	2000
12	9000
12	3000
12	2000
12	4000
12	3000
12	6000
12	3000
12	2000
12	4000
12	3000
12	6000
12	1000
12	3000
12	2000
12	2000
12	1000
12	4000
12	2000
12	3000
12	2000
12	3000
12	3000
12	5000
12	6000
12	3000
12	3000
12	2000
12	8000
12	5000
12	3000
12	2000
12	6000
12	3000
12	2000
12	5000
12	1000
12	4000
12	7000
12	3000
12	4000
12	5000
12	2000
12	2000
12	2000
12	2000
12	2000
12	3000
12	2000
12	7000
12	3000
12	1000
12	7000
12	2000
12	3000
12	4000
12	2000
12	2000
12	8000
12	2000
12	1000
12	1000
12	3000
12	2000
12	3000
12	10000
12	2000
12	3000
12	2000
12	4000
12	3000
12	2000
12	3000
12	1000
12	1000
12	2000
12	2000
12	5000
12	6000
12	2000
12	4000
12	3000
12	2000
12	2000
12	3000
12	2000
12	1000
12	3000
12	2000
12	5000
12	3000
12	3000
12	4000
12	6000
12	2000
12	3000
12	2000
12	3000
12	2000
12	4000
12	1000
12	2000
12	5000
12	7000
12	1000
12	1000
12	1000
12	4000
12	1000
12	3000
12	1000
12	4000
12	2000
12	3000
12	1000
12	2000
12	3000
12	3000
12	2000
12	4000
12	5000
12	1000
12	1000
12	2000
12	2000
12	2000
12	3000
12	3000
12	3000
12	3000
12	2000
12	4000
12	6000
12	3000
12	3000
12	1000
12	2000
12	2000
12	2000
12	9000
12	2000
12	1000
12	2000
12	2000
12	2000
12	5000
12	4000
12	3000
12	4000
12	8000
12	3000
12	3000
12	2000
12	2000
12	2000
12	1000
12	6000
12	11000
12	3000
12	4000
12	4000
12	3000
12	7000
12	13000
12	7000
12	6000
12	3000
12	1000
12	3000
12	3000
12	3000
12	3000
12	2000
12	3000
12	6000
12	5000
12	2000
12	4000
12	2000
12	7000
12	2000
12	2000
12	3000
12	3000
12	1000
12	3000
12	2000
12	3000
12	1000
12	4000
12	4000
12	3000
12	3000
12	7000
12	3000
12	4000
12	8000
12	10000
12	2000
12	1000
12	3000
12	3000
12	3000
12	7000
12	5000
12	3000
12	3000
12	2000
12	7000
12	9000
12	9000
12	4000
12	5000
12	2000
12	3000
12	2000
12	1000
12	5000
12	4000
12	9000
12	2000
12	9000
12	8000
12	12000
12	3000
12	3000
12	7000
12	1000
12	3000
12	2000
12	3000
12	5000
12	5000
12	2000
12	5000
12	2000
12	5000
12	7000
12	1000
12	3000
12	6000
12	6000
12	2000
12	1000
12	7000
12	2000
12	1000
12	3000
12	4000
12	2000
12	3000
12	3000
12	4000
12	6000
12	10000
12	2000
12	10000
12	4000
12	4000
12	4000
12	4000
12	4000
12	4000
12	2000
12	3000
12	3000
12	2000
12	4000
12	2000
12	4000
12	2000
12	2000
12	2000
12	3000
12	2000
12	2000
12	2000
12	3000
12	3000
12	4000
12	3000
12	2000
12	2000
12	12000
12	2000
12	2000
12	6000
12	3000
12	1000
12	2000
12	2000
12	3000
12	2000
12	4000
12	2000
12	6000
12	2000
12	4000
12	3000
12	9000
12	3000
12	4000
12	2000
12	3000
12	2000
12	4000
12	4000
12	4000
12	6000
12	6000
12	3000
12	4000
12	3000
12	2000
12	2000
12	7000
12	11000
12	4000
12	5000
12	4000
12	2000
12	3000
12	4000
12	2000
12	2000
12	4000
12	4000
12	6000
12	8000
12	3000
12	3000
12	4000
12	4000
12	3000
12	2000
12	4000
12	3000
12	4000
12	3000
12	7000
12	4000
12	2000
12	1000
12	3000
12	2000
12	4000
12	2000
12	2000
12	5000
12	1000
12	5000
12	6000
12	7000
12	6000
12	10000
12	3000
12	9000
12	13000
12	2000
12	3000
12	3000
12	2000
12	8000
12	3000
12	1000
12	2000
12	4000
12	12000
12	1000
12	3000
12	4000
12	2000
12	3000
12	2000
12	4000
12	1000
12	2000
12	2000
12	1000
12	3000
12	2000
12	1000
12	2000
12	3000
12	3000
12	1000
12	3000
12	2000
12	1000
12	2000
12	1000
12	2000
12	1000
12	2000
12	2000
12	3000
12	4000
12	1000
12	2000
12	3000
12	3000
12	1000
12	3000
12	2000
12	1000
12	2000
12	2000
12	3000
12	2000
12	2000
12	4000
12	3000
12	2000
12	3000
12	3000
12	4000
12	2000
12	6000
12	5000
12	3000
12	2000
12	4000
12	3000
12	3000
12	6000
12	3000
12	6000
12	4000
12	2000
12	1000
12	5000
12	1000
12	5000
12	6000
12	3000
12	3000
12	10000
12	8000
12	2000
12	2000
12	2000
12	2000
12	3000
12	3000
12	4000
12	3000
12	2000
12	4000
12	3000
12	2000
12	6000
12	1000
12	3000
12	3000
12	2000
12	3000
12	1000
12	3000
12	4000
12	5000
12	7000
12	6000
12	4000
12	1000
12	1000
12	4000
12	4000
12	2000
12	3000
12	2000
12	6000
12	2000
12	2000
12	5000
12	2000
12	2000
12	5000
12	4000
12	5000
12	1000
12	9000
12	5000
12	2000
12	6000
12	6000
12	6000
12	2000
12	2000
12	6000
12	3000
12	4000
12	6000
12	2000
12	3000
12	2000
12	2000
12	4000
12	3000
12	4000
12	2000
12	2000
12	3000
12	3000
12	9000
12	3000
12	6000
12	3000
12	2000
12	8000
12	3000
12	3000
12	4000
12	2000
12	2000
12	12000
12	5000
12	2000
12	2000
12	4000
12	4000
12	5000
12	3000
12	2000
12	10000
12	2000
12	2000
12	3000
12	2000
12	7000
12	3000
12	3000
12	2000
12	6000
12	2000
12	4000
12	17000
12	1000
12	2000
12	2000
12	4000
12	3000
12	7000
12	6000
12	2000
12	3000
12	13000
12	8000
12	3000
12	5000
12	5000
12	5000
12	1000
12	2000
12	5000
12	2000
12	7000
12	2000
12	5000
12	2000
12	3000
12	1000
12	2000
12	2000
12	6000
12	4000
12	2000
12	3991
12	5000
12	2000
12	2000
12	2000
12	3000
12	10000
12	9000
12	2000
12	1000
12	4000
12	5000
12	3000
12	2000
12	6000
12	2000
12	4000
12	2000
12	8000
12	5000
12	6000
12	4000
12	6000
12	2000
12	4000
12	2000
12	3000
12	4000
12	5000
12	9000
12	5000
12	2000
12	5000
12	2000
12	2000
12	2000
12	3000
12	4000
12	4000
12	6000
12	3000
12	3000
12	3000
12	2000
12	6000
12	2000
12	3000
12	2000
12	3000
12	2000
12	3000
12	5000
12	2000
12	2000
12	3000
12	2000
12	2000
12	6000
12	4000
12	3000
12	4000
12	6000
12	3000
12	2000
12	6000
12	2000
12	2000
12	9000
12	4000
12	3000
12	2000
12	4000
12	9000
12	1000
12	2000
12	3000
12	2000
12	2000
12	4000
12	1000
12	3000
12	12000
12	3000
12	2000
12	6000
12	4000
12	5000
12	2000
12	3000
12	2000
12	8000
12	3000
12	7000
12	12000
12	6000
12	2000
12	6000
12	4000
12	3000
12	5000
12	3000
12	2000
12	2000
12	3000
12	8000
12	3000
12	5000
12	17000
12	2000
12	10000
12	3000
12	4000
12	2000
12	2000
12	4000
12	2000
12	2000
12	3000
12	5000
12	6000
12	4000
12	2000
12	2000
12	3000
12	3000
12	4000
12	3000
12	2000
12	2000
12	3000
12	2000
12	4000
12	2000
12	6000
12	1000
12	3000
12	3000
12	2000
12	2000
12	7000
12	2000
12	3000
12	1000
12	3000
12	2000
12	3000
12	1000
12	3000
12	3000
12	2000
12	3000
12	2000
12	2000
12	3000
12	7000
12	3000
12	1000
12	1000
12	2000
12	3000
12	7000
12	3000
12	5000
12	3000
12	5000
12	7000
12	3000
12	8000
12	3000
12	2000
12	4000
12	3000
12	2000
12	6000
12	3000
12	3000
12	4000
12	7000
12	4000
12	3000
12	5000
12	7000
12	14000
12	15000
12	4000
12	5000
12	13000
12	3000
12	2000
12	1000
12	6000
12	3000
12	6000
12	2000
12	4000
12	2000
12	3000
12	3000
12	3000
12	26000
12	4000
12	4000
12	5000
12	7000
12	2000
12	4000
12	4000
12	6000
12	2000
12	5000
12	2000
12	2000
12	5000
12	3000
12	4000
12	3000
12	7000
12	4000
12	2000
12	6000
12	7000
12	8000
12	2000
12	4000
12	3000
12	3000
12	4000
12	2000
12	3000
12	2000
12	3000
12	6000
12	2000
12	3000
12	2000
12	3000
12	2000
12	2000
12	2000
12	2000
12	2000
12	2000
12	5000
12	2000
12	4000
12	3000
12	5000
12	2000
12	4000
12	4000
12	10000
12	6000
12	2000
12	3000
12	10000
12	3000
12	4000
12	3000
12	9000
12	2000
12	3000
12	2000
12	6000
12	4000
12	1000
12	2000
12	2000
12	8000
12	5000
12	3000
12	3000
12	5000
12	4000
12	2000
12	6000
12	1000
12	5000
12	4000
12	5000
12	5000
12	8000
12	2000
12	4000
12	15000
12	3000
12	1000
12	3000
12	6000
12	15000
12	6000
12	7000
12	5000
12	3000
12	8000
12	9000
12	7000
12	9000
12	3000
12	8000
12	3000
12	4000
12	10000
12	4000
12	2000
12	6000
12	7000
12	14000
12	9000
12	27000
12	4000
12	9000
12	5000
12	5000
12	4000
12	3000
12	4000
12	2000
12	2000
12	8000
12	5000
12	3000
12	9000
12	6000
12	14000
12	3000
12	4000
12	6000
12	3000
12	6000
12	3000
12	4000
12	12000
12	5000
12	2000
12	2000
12	11000
12	10000
12	5000
12	5000
12	2000
12	5000
12	11000
12	1000
12	3000
12	3000
12	2000
12	2000
12	1000
12	5000
12	4000
12	4000
12	9000
12	3000
12	16000
12	3000
12	5000
12	3000
12	3000
12	1000
12	6000
12	5000
12	3000
12	6000
12	2000
12	19000
12	17000
12	13000
12	6000
12	6000
12	5000
12	7000
12	9000
12	4000
12	3000
12	7000
12	8000
12	7000
12	4000
12	3000
12	4000
12	4000
12	3000
12	3000
12	1000
12	11000
12	1000
12	3000
12	8000
12	2000
12	7000
12	4000
12	8000
12	11000
12	6000
12	2000
12	3000
12	6000
12	8000
12	2000
12	3000
12	15000
12	2000
12	2000
12	3000
12	6000
12	2000
12	2000
12	7000
12	10000
12	2000
12	13000
12	9000
12	2000
12	1000
12	5000
12	9000
12	4000
12	7000
12	3000
12	7000
12	9000
12	7000
12	17000
12	2000
12	9000
12	4000
12	2000
12	7000
12	9000
12	7000
12	8000
12	5000
12	6000
12	2000
12	7000
12	7000
12	5000
12	11000
12	7000
12	4000
12	4000
12	5000
12	8000
12	5000
12	10000
12	8000
12	13000
12	4000
12	3000
12	6000
12	3000
12	9000
12	2000
12	5000
12	2000
12	10000
12	4000
12	3000
12	3000
12	3000
12	9000
12	4000
12	3000
12	7000
12	10000
12	1000
12	3000
12	2000
12	4000
12	5000
12	2000
12	2000
12	2000
12	1000
12	6000
12	2000
12	3000
12	3000
12	2000
12	5000
12	2000
12	5000
12	3000
12	3000
12	2000
12	3000
12	2000
12	3000
12	2000
12	4000
12	4000
12	2000
12	4000
12	11000
12	5000
12	4000
12	6000
12	12000
12	3000
12	4000
12	4000
12	4000
12	1000
12	2000
12	1000
12	4000
12	4000
12	3000
12	9000
12	4000
12	2000
12	2000
12	5000
12	3000
12	3000
12	2000
12	3000
12	8000
12	7000
12	2000
12	3000
12	3000
12	4000
12	4000
12	2000
12	5000
12	7000
12	5000
12	2000
12	4000
12	4000
12	1000
12	8000
12	4000
12	2000
12	6000
12	2000
12	9000
12	2000
12	9000
12	4000
12	3000
12	3000
12	3000
12	6000
12	16000
12	1000
12	1000
12	6000
12	4000
12	9000
12	6000
12	6000
12	3000
12	2000
12	1000
12	6000
12	4000
12	6000
12	8000
12	17000
12	2000
12	2000
12	7000
12	4000
12	6000
12	6000
12	3000
12	8000
12	1000
12	3000
12	4000
12	3000
12	2000
12	9000
12	2000
12	3000
12	4000
12	3000
12	3000
12	4000
12	2000
12	4000
12	6000
12	2000
12	2000
12	8000
12	1000
12	1000
12	4000
12	2000
12	1000
12	1000
12	6000
12	2000
12	4000
12	3000
12	1000
12	2000
12	3000
12	3000
12	3000
12	1000
12	7000
12	2000
12	2000
12	3000
12	4000
12	3000
12	2000
12	2000
12	4000
12	3000
12	1000
12	7000
12	2000
12	2000
12	1000
12	4000
12	4000
12	3000
12	2000
12	1000
12	8000
12	1000
12	4000
12	2000
12	4000
12	6000
12	6000
12	3000
12	3000
12	3000
12	4000
12	6000
12	15000
12	3000
12	3000
12	2000
12	4000
12	8000
12	10000
12	9000
12	7000
12	7000
12	2000
12	25000
12	3000
12	6000
12	3000
12	4000
12	7000
12	2000
12	4000
12	2000
12	7000
12	4000
12	4000
12	4000
12	13000
12	5000
12	2000
12	2000
12	1000
12	2000
12	4000
12	1000
12	2000
12	2000
12	4000
12	2000
12	4000
12	3000
12	4000
12	3000
12	7000
12	1000
12	3000
12	2000
12	3000
12	3000
12	4000
12	2000
12	2000
12	3000
12	2000
12	2000
12	2000
12	2000
12	4000
12	2000
12	2000
12	6000
12	3000
12	2000
10	2000
10	2000
10	2000
10	3000
10	2000
10	2000
10	2000
10	2000
10	2000
10	2000
10	2000
10	2000
10	3000
10	3000
10	2000
10	4000
10	2000
10	4000
10	2000
10	2000
10	3000
10	2000
10	3000
10	2000
10	2000
10	2000
10	2000
10	3000
10	2000
10	2000
10	3000
10	2000
10	2000
10	2000
10	2000
10	2000
10	2000
10	3000
10	2000
10	2000
10	2000
10	2000
10	2000
10	3000
10	2000
10	3000
10	2000
10	2000
10	3000
10	2000
10	3000
10	2000
10	2000
10	2000
10	2000
10	2000
10	2000
10	2000
10	2000
10	3000
10	3000
10	2000
10	2000
10	3000
10	2000
10	6000
10	2000
10	2000
10	4000
10	6000
10	2000
10	2000
10	2000
10	2000
10	2000
10	3000
10	2000
10	2000
10	2000
10	2000
10	8000
10	2000
10	2000
10	2000
10	2000
10	2000
10	2000
10	3000
10	2000
10	2000
10	5000
10	2000
10	2000
10	2000
10	3000
10	2000
10	2000
10	2000
10	4000
10	2000
10	2000
10	2000
10	2000
10	2000
10	6000
10	2000
10	2000
10	2000
10	2000
10	2000
10	2000
10	2000
10	6000
10	3000
10	2000
10	2000
10	3000
10	2000
10	2000
10	2000
10	2000
10	2000
10	3000
10	2000
10	2000
10	5000
10	2000
10	2000
10	2000
10	2000
10	2000
10	2000
10	3000
10	2000
10	2000
10	3000
10	2000
10	2000
10	2000
10	2000
10	2000
10	2000
10	3000
10	2000
10	3000
10	4000
10	2000
10	2000
10	2000
10	2000
10	2000
10	2000
10	2000
10	2000
10	2000
10	2000
10	2000
10	4000
10	3000
10	2000
10	2000
10	2000
10	2000
10	2000
10	2000
10	3000
10	4000
10	2000
10	2000
10	4000
10	2000
10	4000
10	2000
5	2000
5	6000
5	3000
5	7000
5	6000
5	2000
5	2000
5	2000
5	7000
5	2000
5	2000
5	3000
5	4000
5	4000
5	2000
5	3000
5	3000
5	4000
5	1000
5	1000
5	8000
5	16000
5	1000
5	11000
5	6000
5	1000
5	3000
5	8000
5	14000
5	11000
5	17000
5	3000
5	4000
5	7000
5	1000
5	4000
5	2000
5	2000
5	8000
5	9000
5	4000
5	3000
5	3000
5	3000
5	11000
5	3000
5	3000
5	23000
5	14000
5	6000
5	15000
5	20000
5	11000
5	1000
5	7000
5	3000
5	3000
5	2000
5	3000
5	10000
5	3000
5	4000
5	5000
5	13000
5	7000
5	7000
5	3000
5	5000
5	10000
5	4000
5	4000
5	3000
5	2000
5	3000
5	8000
5	1000
5	2000
5	2000
5	2000
5	1000
5	8000
5	9000
5	2000
5	1000
5	10000
5	7000
5	3000
5	4000
5	3000
5	2000
5	4000
5	2000
5	3000
5	2000
5	1000
5	4000
5	7000
5	11000
5	4000
5	6000
5	3000
5	1000
5	3000
5	4000
5	5000
5	6000
5	4000
5	5000
5	4000
5	6000
5	4000
5	4000
5	2000
5	2000
5	7000
5	3000
5	3000
5	4000
5	3000
5	5000
5	11000
5	4000
5	4000
5	2000
5	6000
5	4000
5	3000
5	5000
5	10000
5	3000
5	3000
5	3000
5	3000
5	2000
5	5000
5	2000
5	4000
5	2000
5	3000
5	4000
5	2000
5	2000
5	9000
5	5000
5	2000
5	1000
5	3000
5	2000
5	2000
5	3000
5	3000
5	4000
5	4000
5	2000
5	2000
5	6000
5	6000
5	2000
5	1000
5	7000
5	4000
5	8000
5	2000
5	3000
5	4000
5	4000
5	4000
5	4000
5	3000
5	5000
5	2000
5	3000
5	4000
5	2000
5	6000
5	2000
5	2000
5	3000
5	4000
5	1000
5	3000
5	1000
5	3000
5	1000
5	1000
5	2000
5	4000
5	2000
5	4000
5	12000
5	5000
5	2000
5	2000
5	1000
5	4000
5	3000
5	2000
5	2000
5	4000
5	3000
5	5000
5	2000
5	2000
5	4000
5	1000
5	10000
5	3000
5	1000
5	7000
5	3000
5	3000
5	3000
5	4000
5	2000
5	2000
5	6000
5	4000
5	2000
5	3000
5	9000
5	1000
5	2000
5	1000
5	8000
5	3000
5	3000
5	1000
5	2000
5	3000
5	7000
5	5000
5	4000
5	3000
5	4000
5	5000
5	3000
5	2000
5	4000
5	6000
5	1000
5	12000
5	4000
5	5000
5	7000
5	1000
5	3000
5	3000
5	1000
5	6000
5	3000
5	5000
5	5000
5	1000
5	18000
5	3000
5	4000
5	3000
5	6000
5	3000
5	7000
5	2000
5	5000
5	2000
5	3000
5	1000
5	2000
5	3000
5	3000
5	1000
5	3000
5	2000
5	2000
5	1000
5	3000
5	4000
5	1000
5	2000
5	5000
5	1000
5	3000
5	4000
5	4000
5	5000
5	8000
5	2000
5	3000
5	4000
5	5000
5	2000
5	2000
5	4000
5	1000
5	4000
5	3000
5	2000
5	5000
5	3000
5	3000
5	1000
5	3000
5	2000
5	2000
5	2000
5	2000
5	2000
5	3000
5	1000
5	3000
5	5000
5	3000
5	3000
5	2000
5	3000
5	5000
5	2000
5	3000
5	2000
5	11000
5	1000
5	4000
5	4000
5	2000
5	5000
5	4000
5	4000
5	6000
5	2000
5	2000
5	3000
5	7000
5	6000
5	3000
5	2000
5	3000
5	2000
5	2000
5	4000
5	3000
5	2000
5	4000
5	14000
5	2000
5	1000
5	7000
5	4000
5	2000
5	2000
5	1000
5	4000
5	1000
5	3000
5	5000
5	3000
5	2000
5	4000
5	7000
5	2000
5	5000
5	10000
5	4000
5	4000
5	3000
5	6000
5	3000
5	3000
5	5000
5	4000
5	5000
5	4000
5	17000
5	3000
5	9000
5	8000
5	2000
5	7000
5	3000
5	5000
5	14000
5	6000
5	4000
5	19000
5	4000
5	15000
5	4000
5	3000
5	2000
5	7000
5	7000
5	11000
5	3000
5	2000
5	5000
5	3000
5	1000
5	11000
5	6000
5	22000
5	6000
5	9000
5	5000
5	4000
5	4000
5	4000
5	3000
5	6000
5	2000
5	3000
5	3000
5	7000
5	2000
5	1000
5	4000
5	11000
5	5000
5	3000
5	14000
5	1000
5	7000
5	20000
5	10000
5	4000
5	8000
5	12000
5	5000
5	9000
5	3000
5	7000
5	3000
5	4000
5	2000
5	3000
5	8000
5	2000
5	4000
5	11000
5	3000
5	4000
5	10000
5	2000
5	4000
5	2000
5	2000
5	3000
5	7000
5	13000
5	3000
5	6000
5	7000
5	6000
5	4000
5	3000
5	3000
5	5000
5	2000
5	6000
5	1000
5	2000
5	2000
5	4000
5	2000
5	3000
5	4000
5	3000
5	1000
5	3000
5	3000
5	3000
5	5000
5	2000
5	3000
5	1000
5	3000
5	2000
5	2000
5	3000
5	6000
5	3000
5	3000
5	8000
5	12000
5	2000
5	4000
5	2000
5	7000
5	3000
5	4000
5	7000
5	8000
5	4000
5	3000
5	1000
5	8000
5	4000
5	4000
5	7000
5	2000
5	2000
5	2000
5	12000
5	3000
5	3000
5	6000
5	4000
5	4000
5	3000
5	3000
5	2000
5	6000
5	4000
5	3000
5	2000
5	3000
5	2000
5	4000
5	6000
5	5000
5	8000
5	3000
5	3000
5	2000
5	4000
5	6000
5	4000
5	2000
5	2000
5	8000
5	4000
5	3000
5	2000
5	3000
5	7000
5	6000
5	8000
5	3000
5	3000
5	2000
5	2000
5	3000
5	2000
5	3000
5	2000
5	7000
5	3000
5	2000
5	3000
5	4000
5	2000
5	4000
5	5000
5	4000
5	3000
5	6000
5	17000
5	5000
5	4000
5	3000
5	2000
5	5000
5	4000
5	4000
5	6000
5	2000
5	6000
5	2000
5	3000
5	1000
5	5000
5	3000
5	5000
5	13000
5	2000
5	2000
5	3000
5	2000
5	3000
5	3000
5	6000
5	9000
5	3000
5	9000
5	15000
5	3000
5	5000
5	2000
5	3000
5	3000
5	23000
5	4000
5	7000
5	3000
5	2000
5	3000
5	4000
5	3000
5	6000
5	4000
5	4000
5	9000
5	2000
5	4000
5	6000
5	4000
5	11000
5	9000
5	4000
5	3000
5	4000
5	4000
5	1000
5	4000
5	7000
5	5000
5	2000
5	4000
5	4000
5	3000
5	2000
5	3000
5	6000
5	5000
5	8000
5	6000
5	3000
5	8000
5	3000
5	2000
5	3000
5	2000
5	2000
5	9000
5	5000
5	3000
5	3000
5	5000
5	12000
5	3000
5	8000
5	2000
5	2000
5	7000
5	6000
5	2000
5	2000
5	7000
5	5000
5	2000
5	3000
5	5000
5	11000
5	3000
5	3000
5	3000
5	3000
5	3000
5	3000
5	3000
5	11000
5	3000
5	3000
5	2000
5	5000
5	5000
5	4000
5	1000
5	1000
5	4000
5	5000
5	5000
5	7000
5	7000
5	10000
5	2000
5	2000
5	3000
5	1000
5	3000
5	7000
5	6000
5	3000
5	3000
5	4000
5	2000
5	1000
5	11000
5	4000
5	2000
5	3000
5	8000
5	5000
5	3000
5	2000
5	2000
5	3000
5	3000
5	6000
5	3000
5	2000
5	5000
5	7000
5	7000
5	6000
5	5000
5	3000
5	3000
5	5000
5	2000
5	8000
5	2000
5	1000
5	2000
5	5000
5	1000
5	3000
5	3000
5	2000
5	2000
5	3000
5	2000
5	10000
5	3000
5	3000
5	4000
5	4000
5	4000
5	3000
5	5000
5	4000
5	2000
5	6000
5	4000
5	2000
5	2000
5	1000
5	2000
5	5000
5	3000
5	2000
5	4000
5	5000
5	4000
5	4000
5	5000
5	6000
5	7000
5	5000
5	4000
5	2000
5	2000
5	3000
5	5000
5	2000
5	2000
5	4000
5	3000
5	3000
5	6000
5	10000
5	2000
5	3000
5	3000
5	2000
5	2000
5	1000
5	4000
5	2000
5	3000
5	3000
5	1000
5	3000
5	2000
5	5000
5	6000
5	2000
5	3000
5	2000
5	9000
5	2000
5	2000
5	1000
5	5000
5	2000
5	2000
5	1000
5	2000
5	5000
5	3000
5	1000
5	3000
5	5000
5	3000
5	6000
5	2000
5	2000
5	3000
5	6000
5	2000
5	4000
5	7000
5	3000
5	3000
5	3000
5	3000
5	1000
5	2000
5	2000
5	2000
5	2000
5	5000
5	3000
5	6000
5	4000
5	7000
5	4000
5	3000
5	3000
5	3000
5	2000
5	5000
5	3000
5	4000
5	2000
5	5000
5	7000
5	2000
5	3000
5	3000
5	8000
5	11000
5	5000
5	5000
5	4000
5	27000
5	5000
5	14000
5	10000
5	11000
5	2000
5	1000
5	11000
5	20000
5	3000
5	51000
5	8000
5	11000
5	12000
5	8000
5	8000
5	6000
5	13000
5	4000
5	22000
5	12000
5	23000
5	6000
5	22000
5	11000
5	20000
5	9000
5	19000
5	4000
5	19000
5	2000
5	3000
5	2000
5	2000
5	3000
5	1000
5	2000
5	3000
5	10000
5	8000
5	6000
5	7000
5	5000
5	2000
5	5000
5	2000
5	5000
5	2000
5	2000
5	4000
5	4000
5	4000
5	4000
5	3000
5	11000
5	4000
5	2000
5	4000
5	1000
5	5000
5	7000
5	3000
5	3000
5	3000
5	3000
5	8000
5	4000
5	10000
5	2000
5	2000
5	2000
5	3000
5	4000
5	2000
5	3000
5	2000
5	3000
5	3000
5	2000
5	2000
5	4000
5	2000
5	4000
5	2000
5	4000
5	1000
5	6000
5	1000
5	4000
5	1000
5	4000
5	4000
5	3000
5	3000
5	3000
5	4000
5	2000
5	4000
5	10000
5	3000
5	2000
5	2000
5	4000
5	1000
5	11000
5	13000
5	2000
5	3000
5	4000
5	3000
5	3000
5	3000
5	3000
5	1000
5	1000
5	2000
5	3000
5	2000
5	2000
5	4000
5	3000
5	2000
5	1000
5	4000
5	1000
5	3000
5	2000
5	9000
5	2000
5	2000
5	3000
5	2000
5	4000
5	1000
5	3000
5	3000
5	2000
5	2000
5	3000
5	5000
5	3000
5	9000
5	1000
5	2000
5	2000
5	2000
5	3000
5	1000
5	2000
5	3000
5	2000
5	8000
5	2000
5	1000
5	3000
5	3000
5	5000
5	3000
5	1000
5	4000
5	15000
5	4000
5	5000
5	6000
5	2000
5	3000
5	2000
5	4000
5	2000
5	6000
5	5000
5	2000
5	2000
5	2000
5	5000
5	3000
5	2000
5	5000
5	4000
5	7000
5	2000
5	3000
5	7000
5	2000
5	6000
5	4000
5	3000
5	2000
5	2000
5	3000
5	3000
5	2000
5	5000
5	4000
5	5000
5	6000
5	4000
5	6000
5	3000
5	6000
5	2000
5	7000
5	7000
5	4000
5	4000
5	1000
5	5000
5	4000
5	3000
5	5000
5	3000
5	2000
5	2000
5	2000
5	1000
5	6000
5	5000
5	3000
5	11000
5	5000
5	5000
5	4000
5	3000
5	4000
5	7000
5	8000
5	3000
5	4000
5	3000
5	3000
5	1000
5	3000
5	5000
5	2000
5	7000
5	5000
5	2000
5	3000
5	5000
5	10000
5	4000
5	2000
5	11000
5	2000
5	2000
5	3000
5	4000
5	4000
5	4000
5	2000
5	6000
5	2000
5	5000
5	5000
5	3000
5	6000
5	2000
5	2000
5	3000
5	2000
5	1000
5	3000
5	1000
5	2000
5	2000
5	2000
5	1000
5	3000
5	3000
5	3000
5	1000
5	7000
5	1000
5	3000
5	3000
5	1000
5	22000
5	5000
5	3000
5	2000
5	1000
5	5000
5	9000
5	6000
5	4000
5	5000
5	1000
5	4000
5	10000
5	5000
5	2000
5	3000
5	4000
5	7000
5	7000
5	2000
5	3000
5	8000
5	4000
5	4000
5	16000
5	5000
5	4000
5	6000
5	2000
5	4000
5	3000
5	7000
5	7000
5	4000
5	3000
5	1000
5	5000
5	4000
5	4000
5	4000
5	5000
5	7000
5	14000
5	4000
5	8000
5	3000
5	11000
5	1000
5	4000
5	2000
5	2000
5	4000
5	3000
5	4000
5	2000
5	1000
5	6000
5	5000
5	6000
5	3000
5	7000
5	2000
5	6000
5	2000
5	2000
5	2000
5	2000
5	4000
5	5000
5	2000
5	5000
5	6000
5	2000
5	6000
5	2000
5	5000
5	4000
5	3000
5	2000
5	1000
5	6000
5	3000
5	1000
5	4000
5	4000
5	6000
5	3000
5	9000
5	2000
5	1000
5	4000
5	2000
5	2000
5	5000
5	3000
5	2000
5	2000
5	3000
5	2424
5	4000
5	17000
5	3000
5	4000
5	2000
5	14000
5	3000
5	3000
5	2000
5	3000
5	7000
5	2000
5	4000
5	2000
5	2000
5	2000
5	2000
5	2000
5	3000
5	3000
5	3000
5	1000
5	3000
5	1000
5	2000
5	1000
5	2000
5	3000
5	9000
5	7000
5	1000
5	2000
5	11000
5	2000
5	3000
5	3000
5	7000
5	7000
5	5000
5	5000
5	2000
5	2000
5	3000
5	3000
5	2000
5	5000
5	5000
5	5000
5	14000
5	4000
5	2000
5	3000
5	1000
5	1000
5	9000
5	2000
5	3000
5	4000
5	2000
5	4000
5	15000
5	3000
5	2000
5	4000
5	3000
5	3000
5	2000
5	1000
5	3000
5	5000
5	1000
5	2000
5	7000
5	2000
5	3000
5	3000
5	2000
5	9000
5	2000
5	2000
5	2000
5	2000
5	2000
5	2000
5	1000
5	5000
5	1000
5	1000
5	3000
5	3000
5	4000
5	2000
5	3000
5	3000
5	4000
5	5000
5	4000
5	5000
5	4000
5	1000
5	3000
5	4000
5	2000
5	4000
5	3000
5	3000
5	4000
5	4000
5	7000
5	1000
5	2000
5	5000
5	4000
5	1000
5	5000
5	2000
5	2000
5	2000
5	1000
5	1000
5	5000
5	3000
5	4000
5	2000
5	2000
5	2000
5	4000
5	4000
5	1000
5	5000
5	4000
5	3000
5	3000
5	5000
5	2000
5	2000
5	1000
5	2000
5	2000
5	3000
5	1000
5	4000
5	2000
5	2000
5	2000
5	2000
5	2000
5	1000
5	1000
5	4000
5	4000
5	4000
5	2000
5	4000
5	3000
5	3000
5	1000
5	3000
5	3000
5	1000
5	6000
5	11000
5	2000
5	2000
5	5000
5	3000
5	2000
5	3000
5	1000
5	1000
5	3000
5	3000
5	3000
5	4000
5	1000
5	1000
5	2000
5	2000
5	1000
5	2000
5	2000
5	2000
5	1000
5	2000
5	1000
5	2000
5	2000
5	3000
5	3000
5	4000
5	4000
5	3000
5	5000
5	13000
5	24000
5	2000
5	2000
5	6000
5	3000
5	5000
5	1000
5	5000
5	6000
5	2000
5	3000
5	6000
5	8000
5	10000
5	5000
5	2000
5	2000
5	2000
5	2000
5	4000
5	8000
5	3000
5	5000
5	2000
5	3000
5	3000
5	4000
5	3000
5	2000
5	7000
5	7000
5	4000
5	2000
5	2000
5	6000
5	4000
5	4000
5	2000
5	3000
5	2000
5	4000
5	5000
5	1000
5	2000
5	3000
5	1000
5	5000
5	3000
5	4000
5	4000
5	1000
5	4000
5	4000
5	4000
5	3000
5	4000
5	2000
5	3000
5	11000
5	12000
5	6000
5	3000
5	5000
5	3000
5	3000
5	2000
5	13000
5	2000
5	2000
5	5000
5	2000
5	1000
5	4000
5	1000
5	9000
5	4000
5	1000
5	2000
5	4000
5	9000
5	5000
5	8000
5	2000
5	3000
5	4000
5	3000
5	3000
5	2000
5	7000
5	3000
5	6000
5	2000
5	3000
5	3000
5	2000
5	12000
5	4000
5	3000
5	6000
5	5000
5	9000
5	3000
5	2000
5	3000
5	3000
5	2000
5	6000
5	3000
5	4000
5	3000
5	3000
5	3000
5	2000
5	2000
5	7000
5	7000
5	6000
5	4000
5	5000
5	5000
5	5000
5	2000
5	9000
5	4000
5	3000
5	7000
5	4000
5	2000
5	4000
5	6000
5	13000
5	2000
5	2000
5	2000
5	12000
5	1000
5	4000
5	5000
5	6000
5	3000
5	1000
5	3000
5	3000
5	1000
5	2000
5	2000
5	2000
5	2000
5	5000
5	3000
5	5000
5	2000
5	4000
5	2000
5	2000
5	3000
5	4000
5	4000
5	4000
5	2000
5	4000
5	3000
5	5000
5	6000
5	4000
5	7000
5	2000
5	4000
5	3000
5	11000
5	3000
5	3000
5	5000
5	1000
5	3000
5	1000
5	3000
5	2000
5	5000
5	3000
5	2000
5	4000
5	4000
5	2000
5	6000
5	3000
5	8000
5	3000
5	11000
5	3000
5	2000
5	3000
5	2000
5	7000
5	3000
5	4000
5	3000
5	3000
5	4000
5	2000
5	2000
5	4000
9	3000
9	2000
9	2000
9	2000
9	4000
9	4000
9	2000
9	2000
9	2000
9	4000
9	2000
9	3000
9	2000
9	2000
9	2000
9	4000
9	5000
9	3000
9	2000
9	2000
9	2000
9	4000
9	4000
9	2000
9	2000
9	2000
9	4000
9	2000
9	2000
9	2000
9	2000
9	2000
9	2000
9	5000
9	2000
9	2000
9	2000
9	3000
9	2000
9	3000
9	2000
9	4000
9	2000
9	2000
9	5000
9	2000
9	2000
9	2000
9	2000
9	5000
9	2000
9	4000
9	2000
9	2000
9	6000
9	2000
9	2000
9	2000
9	2000
9	3000
9	3000
9	2000
9	2000
9	3000
9	4000
9	5000
9	2000
9	8000
9	2000
9	2000
9	2000
9	2000
9	2000
9	2000
9	2000
9	2000
9	4000
9	2000
9	2000
9	2000
9	2000
9	2000
9	2000
9	2000
9	2000
9	4000
9	4000
9	2000
9	3000
9	4000
9	2000
9	2000
9	2000
9	2000
9	2000
9	3000
9	2000
9	2000
9	2000
9	2000
9	2000
9	2000
9	2000
9	3000
9	2000
9	2000
9	2000
9	2000
9	2000
9	2000
9	2000
9	3000
9	4000
9	3000
9	2000
9	2000
9	2000
9	4000
9	2000
9	2000
9	2000
9	3000
9	2000
9	2000
9	2000
9	3000
9	2000
9	2000
9	3000
9	2000
9	2000
9	3000
9	3000
9	3000
9	3000
9	2000
9	2000
9	7000
9	5000
9	3000
9	2000
9	2000
9	2000
9	3000
9	2000
9	2000
9	2000
9	2000
9	2000
9	3000
9	2000
9	2000
9	2000
9	3000
9	2000
9	2000
9	3000
9	2000
9	2000
9	2000
9	3000
9	2000
9	2000
9	2000
9	2000
9	2000
9	4000
9	2000
9	2000
9	2000
9	2000
9	2000
9	2000
9	2000
9	2000
9	2000
9	4000
9	2000
9	2000
9	3000
9	4000
9	2000
9	2000
9	2000
9	2000
9	2000
9	2000
9	2000
9	2000
9	6000
9	2000
9	2000
9	2000
9	2000
9	2000
9	4000
9	2000
9	3000
9	2000
9	2000
9	2000
9	2000
9	3000
9	2000
9	2000
9	2000
9	3000
9	3000
9	2000
9	3000
9	2000
9	3000
9	2000
9	2000
9	3000
9	2000
9	2000
9	4000
9	2000
9	2000
9	2000
9	2000
9	2000
9	2000
9	3000
9	2000
9	2000
9	2000
9	3000
9	2000
9	2000
9	2000
9	2000
9	2000
9	6000
9	2000
9	2000
9	1000
9	2000
9	3000
9	2000
9	5000
9	3000
9	2000
9	2000
9	3000
9	6000
9	2000
9	4000
9	4000
9	2000
9	2000
9	2000
9	5000
9	2000
9	2000
9	2000
9	2000
9	3000
9	2000
9	2000
9	2000
9	2000
9	4000
9	3000
9	3000
9	2000
9	2000
9	3000
9	5000
9	2000
9	2000
9	3000
9	2000
9	2000
9	2000
9	2000
9	2000
9	3000
9	2000
9	2000
9	2000
9	2000
9	2000
9	6000
9	2000
9	2000
9	4000
9	4000
9	5000
9	3000
9	3000
9	2000
9	2000
9	2000
9	5000
9	2000
9	2000
9	2000
9	3000
9	3000
9	2000
9	3000
9	3000
9	5000
9	3000
9	5000
9	4000
9	2000
9	3000
9	2000
9	2000
9	2000
9	2000
9	2000
9	2000
9	2000
9	2000
9	3000
9	4000
9	4000
9	2000
9	2000
9	2000
9	2000
9	2000
9	3000
9	4000
9	4000
9	2000
9	2000
9	2000
9	4000
9	2000
9	2000
9	2000
9	2000
9	2000
9	2000
9	2000
9	3000
9	6000
9	4000
9	2000
9	2000
9	3000
9	2000
9	2000
9	2000
9	2000
9	2000
9	2000
9	3000
9	2000
9	3000
9	2000
9	2000
9	3000
9	2000
9	3000
9	2000
9	8000
9	2000
9	2000
9	2000
9	2000
9	2000
9	3000
9	2000
9	3000
9	2000
9	2000
9	4000
9	2000
9	2000
9	2000
9	2000
9	2000
9	4000
9	1000
9	2000
9	2000
9	3000
9	2000
9	3000
9	2000
9	5000
9	2000
9	3000
9	2000
9	2000
9	2000
9	2000
9	2000
9	2000
9	4000
9	3000
9	2000
9	3000
9	2000
9	2000
9	2000
9	2000
9	2000
9	2000
9	2000
9	2000
9	2000
9	2000
9	4000
9	3000
9	2000
9	2000
9	3000
9	2000
9	2000
9	3000
9	6000
9	3000
9	2000
9	6000
9	2000
9	2000
9	2000
9	2000
9	3000
9	2000
9	3000
9	2000
9	2000
9	2000
9	2000
9	5000
9	2000
9	2000
9	2000
9	2000
9	3000
9	2000
9	1590
0	2000
0	2000
0	3000
0	2000
0	2000
0	6000
0	3000
0	2000
0	3000
0	2000
0	2000
0	2000
0	2000
0	2000
0	2000
0	5000
0	2000
0	3000
0	2000
0	2000
0	2000
0	2000
0	2000
0	2000
0	2000
0	2000
0	7000
0	8000
0	2000
0	4000
0	2000
0	3000
0	2000
0	2000
0	2000
0	2000
0	12000
0	3000
0	2000
0	2000
0	3000
0	5000
0	4000
0	2000
0	2000
0	5000
0	21000
0	2000
0	2000
0	2000
0	2000
0	2000
0	9000
0	3000
0	2000
0	2000
0	2000
0	2000
0	4000
0	5000
0	2000
0	16000
0	3000
0	2000
0	4000
0	2000
0	4000
0	2000
0	3000
0	2000
0	3000
0	2000
0	3000
8	4000
8	2000
8	2000
8	3000
8	2000
8	2000
8	2000
8	7000
8	4000
8	2000
8	3000
8	3000
8	10000
8	4000
8	3000
8	2000
8	2000
8	2000
8	2000
8	2000
8	2000
8	4000
8	6000
8	5000
8	3000
8	2000
8	3000
8	2000
8	4000
8	2000
8	2000
8	2000
8	2000
8	1000
8	3000
8	2000
8	4000
8	2000
8	2000
8	2000
8	2000
8	2000
8	4000
8	2000
8	6000
8	2000
8	3000
8	4000
8	3000
8	3000
8	2000
8	2000
8	2000
8	3000
8	3000
8	2000
8	3000
8	3000
8	3000
8	2000
8	3000
8	5000
8	4000
8	3000
8	4000
8	3000
8	1002
8	2000
8	2000
8	2000
8	7000
8	8000
8	10000
8	2000
8	14000
8	2000
8	2000
8	1000
8	4000
8	3000
8	8000
8	4000
8	3000
8	2000
8	2000
8	3000
8	4000
8	5000
8	2000
8	3000
8	6000
8	2000
8	5000
8	2000
8	3000
8	6000
8	2000
8	10000
8	3000
8	3000
8	5000
8	3000
8	2000
8	2000
8	3000
8	2000
8	2000
8	4000
8	2000
8	4000
8	2000
8	3000
8	2000
8	3000
8	5000
8	4000
8	4000
8	2000
8	13000
8	8000
8	2000
8	11000
8	3000
8	4000
8	5000
8	6000
8	4000
8	5000
8	3000
8	3000
8	2000
8	4000
8	2000
8	3000
8	2000
8	7000
8	8000
8	2000
8	2000
8	2000
8	2000
8	4000
8	4000
8	2000
8	10000
8	4000
8	2000
8	3000
8	4000
8	9000
8	2000
8	5000
8	3000
8	3000
8	2000
8	2000
8	5000
8	3000
8	3000
8	4000
8	2000
8	3000
8	11000
8	4000
8	4000
8	2000
8	24000
8	3000
8	18000
8	2000
8	2000
8	7000
8	3000
8	1000
8	2000
8	2000
8	2000
8	7000
8	2000
8	7000
8	11000
8	5000
8	8000
8	14000
8	2000
8	7000
8	3000
8	2000
8	2000
8	3000
8	2000
8	3000
8	2000
8	1000
8	5000
8	2000
8	2000
8	2000
8	2000
8	4000
8	2000
8	6000
8	6000
8	3000
8	2000
8	4000
8	4000
8	4000
8	4000
8	5000
8	2000
8	3000
8	3000
8	4000
8	4000
8	2000
8	2000
8	2000
8	2000
8	4000
8	12000
8	5000
8	3000
8	4000
8	3000
8	5000
8	2000
8	7000
8	46000
8	7000
8	15000
8	41000
8	6000
8	24000
8	15000
8	2000
8	64000
8	10000
8	2000
8	11000
8	5000
8	13000
8	2000
8	6000
8	7000
8	21000
8	16000
8	17000
8	12000
8	2000
8	21000
8	9000
8	3000
8	21000
8	3000
8	2000
8	3000
8	2000
8	8000
8	3000
8	4000
8	3000
8	2000
8	2000
8	1000
8	3000
8	6000
6	3000
6	4000
6	2000
6	3000
6	9000
6	2000
6	3000
6	5000
6	27000
6	6000
6	3000
6	4000
6	13000
6	5000
6	3000
6	8000
6	3000
6	2000
6	12000
6	6000
6	12000
6	8000
6	6000
6	2000
6	1000
6	22000
6	9000
6	2000
6	5000
6	8000
6	11000
6	6000
6	2000
6	3000
6	21000
6	7000
6	5000
6	3000
6	2000
6	2000
6	6000
6	11000
6	3000
6	2000
6	1000
6	2000
6	4000
6	1000
6	1000
6	4000
6	7000
6	2000
6	4000
6	4000
6	4000
6	6000
6	9000
6	9000
6	4000
6	1000
6	4000
6	6000
6	2000
6	7000
6	2000
6	1000
6	6000
6	2000
6	3000
6	2000
6	2000
6	3000
6	4000
6	1000
6	2000
6	2000
6	3000
6	3000
6	7000
6	1000
6	2000
6	3000
6	2000
6	2000
6	2000
6	2000
6	9000
6	2000
6	10000
6	4000
6	5000
6	2000
6	3000
6	3000
6	7000
6	3000
6	2000
6	3000
6	3000
6	6000
6	3000
6	5000
6	2000
6	2000
6	4000
6	2000
6	3000
6	3000
6	2000
6	2000
6	1000
6	9000
6	4000
6	2000
6	2000
6	3000
6	3000
6	3000
6	5000
6	2000
6	2000
6	7000
6	6000
6	3000
6	2000
6	5000
6	5000
6	4000
6	8000
6	6000
6	5000
6	4000
6	4000
6	2000
6	2000
6	9000
6	7000
6	1000
6	3000
6	2000
6	3000
6	2000
6	1000
6	4000
6	2000
6	10000
6	3000
6	4000
6	4000
6	1000
6	2000
6	3000
6	5000
6	2000
6	3000
6	1000
6	3000
6	5000
6	3000
6	3000
6	9000
6	6000
6	2000
6	8000
6	8000
6	3000
6	9000
6	2000
6	1000
6	2000
6	2000
6	2000
6	3000
6	2000
6	1000
6	2000
6	2000
6	3000
6	2000
6	4000
6	2000
6	4000
6	6000
6	2000
6	3000
6	2000
6	2000
6	2000
6	7000
6	5000
6	3000
6	3000
6	3000
6	2000
6	2000
6	3000
6	2000
6	4000
6	2000
6	2000
6	3000
6	2000
6	8000
6	2000
6	1000
6	2000
6	6000
6	9000
6	11000
6	2000
6	1000
6	2000
6	4000
6	3000
6	4000
6	7000
6	11000
6	6000
6	4000
6	10000
6	3000
6	5000
6	13000
6	11000
6	2000
6	3000
6	7000
6	3000
6	4000
6	4000
6	3000
6	3000
6	3000
6	5000
6	2000
6	6000
6	2000
6	5000
6	1000
6	2000
6	4000
6	5000
6	5000
6	2000
6	2000
6	3000
6	5000
6	2000
6	3000
6	5000
6	21000
6	3000
6	1000
6	3000
6	3000
6	4000
6	2000
6	3000
6	3000
6	2000
6	4000
6	2000
6	5000
6	2000
6	8000
6	4000
6	4000
6	3000
6	4000
6	4000
6	5000
6	2000
6	3000
6	2000
6	2000
6	7000
6	1000
6	3000
6	1000
6	4000
6	8000
6	3000
6	1000
6	2000
6	4000
6	2000
6	2000
6	2000
6	1000
6	5000
6	2000
6	2000
6	4000
6	2000
6	2000
6	5000
6	3000
6	2000
6	9000
6	2000
6	3000
6	1000
6	2000
6	2000
6	4000
6	2000
6	3000
6	4000
6	4000
6	3000
6	2000
6	2000
6	3000
6	3000
6	3000
6	4000
6	3000
6	12000
6	2000
6	7000
6	6000
6	2000
6	3000
6	7000
6	3000
6	13000
6	1000
6	3000
6	2000
6	3000
6	3000
6	7000
6	3000
6	5000
6	8000
6	10000
6	1000
6	2000
6	2000
6	6000
6	7000
6	4000
6	3000
6	1000
6	5000
6	2000
6	3000
6	4000
6	2000
6	5000
6	8000
6	5000
6	4000
6	1000
6	5000
6	4000
6	3000
6	4000
6	2000
6	6000
6	5000
6	2000
6	5000
6	2000
6	20000
6	3000
6	3000
6	3000
6	2000
6	4000
6	2000
6	2000
6	4000
6	3000
6	3000
6	6000
6	2000
6	1000
6	3000
6	3000
6	2000
6	3000
6	2000
6	3000
6	3000
6	9000
6	4000
6	2000
6	8000
6	7000
6	3000
6	6000
6	3000
6	6000
6	12000
6	3000
6	7000
6	9000
6	6000
6	2000
6	3000
6	3000
6	4000
6	3000
6	3000
6	6000
6	2000
6	7000
6	1000
6	2000
6	8000
6	2000
6	8000
6	8000
6	15000
6	3000
6	3000
6	9000
6	6000
6	3000
6	2000
6	6000
6	5000
6	4000
6	2000
6	3000
6	3000
6	6000
6	1000
6	2000
6	6000
6	3000
6	5000
6	2000
6	14000
6	1000
6	5000
6	3000
6	1000
6	4000
6	3000
6	1000
6	3000
6	3000
6	1000
6	1000
6	4000
6	3000
6	4000
6	3000
6	5000
6	4000
6	6000
6	3000
6	3000
6	3000
6	4000
6	3000
6	7000
6	14000
6	2000
6	3000
6	3000
6	1000
6	9000
6	5000
6	8000
6	1000
6	6000
6	6000
6	2000
6	7000
6	3000
6	2000
6	3000
6	3000
6	12000
6	3000
6	3000
6	8000
6	3000
6	2000
6	2000
6	7000
6	2000
6	2000
6	9000
6	7000
6	11000
6	9000
6	2000
6	3000
6	3000
6	4000
6	2000
6	2000
6	6000
6	4000
6	3000
6	5000
6	3000
6	6000
6	3000
6	9000
6	1000
6	4000
6	2000
6	3000
6	1000
6	5000
6	3000
6	2000
6	5000
6	2000
6	6000
6	3000
6	2000
6	4000
6	6000
6	12000
6	3000
6	5000
6	2000
6	6000
6	1000
6	2000
6	2000
6	3000
6	5000
6	2000
6	2000
6	3000
6	2000
6	3000
6	7000
6	4000
6	3000
6	4000
6	2000
6	2000
6	2000
6	2000
6	2000
6	1000
6	1000
6	2000
6	3000
6	2000
6	3000
6	3000
6	4000
6	2000
6	2000
6	2000
6	2000
6	5000
6	2000
6	2000
6	4000
6	3000
6	2000
6	3000
6	3000
6	3000
6	3000
6	5000
6	1000
6	2000
6	4000
6	6000
6	2000
6	2000
6	5000
6	4000
6	6000
6	2000
6	17000
6	8000
6	5000
6	3000
6	16000
6	4000
6	4000
6	7000
6	2000
6	5000
6	3000
6	2000
6	3000
6	14000
6	2000
6	6000
6	2000
6	5000
6	3000
6	4000
6	9000
6	3000
6	4000
6	18000
6	2000
6	22000
6	6000
6	3000
6	2000
6	2000
6	14000
6	6000
6	3000
6	2000
6	7000
6	16000
6	5000
6	2000
6	2000
6	16000
6	2000
6	7000
6	7000
6	8000
6	5000
6	3000
6	2000
6	16000
6	2000
6	3000
6	12000
6	2000
6	4000
6	7000
6	6000
6	6000
6	3000
6	5000
6	8000
6	4000
6	4000
6	3000
6	3000
6	3000
6	5000
6	2000
6	4000
6	7000
6	1000
6	3000
6	1000
6	7000
6	3000
6	5000
6	2000
6	2000
6	3000
6	14000
6	2000
6	3000
6	7000
6	2000
6	4000
6	3000
6	5000
6	4000
6	12000
6	6000
6	15000
6	3000
6	7000
6	1000
6	4000
6	5000
6	14000
6	7000
6	4000
6	8000
6	4000
6	6000
6	2000
6	2000
6	2000
6	6000
6	3000
6	1000
6	3000
6	4000
6	6000
6	3000
6	2000
6	2000
6	8000
6	2000
6	2000
6	2000
6	2000
6	5000
6	7000
6	2000
6	3000
6	4000
6	3000
6	2000
6	3000
6	5000
6	3000
6	3000
6	4000
6	3000
6	4000
6	4000
6	2000
6	2000
6	1000
6	1000
6	3000
6	1000
6	4000
6	6000
6	2000
6	2000
6	5000
6	3000
6	3000
6	4000
6	2000
6	3000
6	4000
6	2000
6	3000
6	1000
6	8000
6	2000
6	4000
6	8000
6	3000
6	1000
6	5000
6	3000
6	3000
6	3000
6	3000
6	5000
6	4000
6	5000
6	2000
6	2000
6	2000
6	2000
6	3000
6	4000
6	5000
6	3000
6	2000
6	4000
6	9000
6	2000
6	3000
6	4000
6	3000
6	9000
6	3000
6	11000
6	10000
6	7000
6	2000
6	3000
6	3000
6	3000
6	2000
6	2000
6	4000
6	3000
6	3000
6	2000
6	3000
6	2000
6	2000
6	6000
6	2000
6	2000
6	2000
6	2000
6	2000
6	3000
6	4000
6	2000
6	2000
6	7000
6	3000
6	3000
6	4000
6	3000
6	6000
6	3000
6	3000
6	3000
6	3000
6	2000
6	7000
6	2000
6	2000
6	4000
6	3000
6	1000
6	6000
6	2000
6	4000
6	3000
6	2000
6	2000
6	1000
6	2000
6	3000
6	4000
6	3000
6	3000
6	3000
6	2000
6	2000
6	3000
6	10000
6	1000
6	2000
6	9000
6	2000
6	1000
6	3000
6	8000
6	5000
6	1000
6	3000
6	2000
6	14000
6	3000
6	2000
6	4000
6	5000
6	8000
6	8000
6	2000
6	2000
6	1000
6	2000
6	1000
6	4000
6	2000
6	3000
6	2000
6	5000
6	5000
6	4000
6	4000
6	3000
6	12000
6	4000
6	1000
6	10000
6	2000
6	2000
6	2000
6	3000
6	3000
6	2000
6	2000
6	8000
6	2000
6	4000
6	4000
6	4000
6	2000
6	2000
6	2000
6	3000
6	3000
6	2000
6	2000
6	3000
6	3000
6	2000
6	4000
6	2000
6	3000
6	2000
6	2000
6	2000
6	2000
6	5000
6	4000
6	4000
6	2000
6	2000
6	4000
6	3000
6	2000
6	8000
6	4000
6	2000
6	4000
6	2000
6	3000
6	3000
6	8000
6	3000
6	2000
6	2000
6	2000
6	1000
6	2426
6	2000
6	1000
6	3000
6	2000
6	4000
6	2000
6	7000
6	2000
6	2000
6	4000
6	4000
6	5000
6	9000
6	2000
6	4000
6	2000
6	4000
6	3000
6	2000
6	4000
6	2000
6	2000
6	3000
6	2000
6	3000
6	2000
6	2000
6	2000
6	2000
6	3000
6	4000
6	5000
6	3000
6	9000
6	4000
6	2000
6	4000
6	5000
6	7000
6	3000
6	1000
6	2000
6	1000
6	5000
6	3000
6	4000
6	3000
6	3000
6	4000
6	3000
6	2000
6	4000
6	1000
6	3000
6	2000
6	9000
6	19000
6	6000
6	2000
6	7000
6	6000
6	18000
6	3000
6	2000
6	8000
6	11000
6	5000
6	3000
6	9000
6	9000
6	4000
6	4000
6	8000
6	5000
6	2000
6	4000
6	4000
6	2000
6	4000
6	2000
6	3000
6	3000
6	4000
6	2000
6	6000
6	5000
6	2000
6	3000
6	4000
6	2000
6	2000
6	2000
13	2000
13	6000
13	3000
13	5000
13	3000
13	2000
13	2000
13	3000
13	5000
13	2000
13	6000
13	6000
13	4000
13	3000
13	3000
13	3000
13	4000
13	2000
13	2000
13	1000
13	3000
13	2000
13	4000
13	2000
13	2000
13	7000
13	3000
13	9000
13	1000
13	2000
13	2000
13	2000
13	1000
13	4000
13	4000
13	2000
13	3000
13	1000
13	12000
13	3000
13	2000
13	3000
13	2000
13	2000
13	3000
13	2000
13	3000
13	1000
13	5000
13	3000
13	3000
13	3000
13	2000
13	2000
13	4000
13	2000
13	2000
13	8000
13	3000
13	2000
13	6000
13	2000
13	3000
13	4000
13	3000
13	13000
13	3000
13	3000
13	3000
13	12000
13	4000
13	5000
13	3000
13	4000
13	5000
13	9000
13	2000
13	5000
13	5000
13	4000
13	4000
13	15000
13	4000
13	5000
13	2000
13	10000
13	4000
13	4000
13	3000
13	6000
13	5000
13	2000
13	6000
13	2000
13	11000
13	3000
13	3000
13	4000
13	1000
13	6000
13	4000
13	5000
13	11000
13	3000
13	8000
13	4000
13	1000
13	4000
13	5000
13	2000
13	3000
13	5000
13	7000
13	5000
13	16000
13	2000
13	5000
13	2000
13	3000
13	3000
13	3000
13	9000
13	9000
13	3000
13	3000
13	5000
13	11000
13	13000
13	4000
13	5000
13	2000
13	3000
13	2000
13	2000
13	2000
13	5000
13	3000
13	3000
13	4000
13	4000
13	3000
13	3000
13	3000
13	8000
13	2000
13	3000
13	7000
13	2000
13	5000
13	3000
13	5000
13	1000
13	3000
13	8000
13	2000
13	2000
13	2000
13	3000
13	4000
13	10000
13	3000
13	2000
13	3000
13	9000
13	5000
13	5000
13	10000
13	2000
13	12000
13	2000
13	8000
13	2000
13	3000
13	4000
13	6000
13	8000
13	4000
13	3000
13	4000
13	6000
13	6000
13	4000
13	5000
13	7000
13	2000
13	2000
13	2000
13	5000
13	2000
13	4000
13	2000
13	5000
13	6000
13	5000
13	4000
13	7000
13	3000
13	7000
13	2000
13	3000
13	2000
13	2000
13	2000
13	5000
13	3000
13	10000
13	2000
13	4000
13	12000
13	5000
13	4000
13	6000
13	3000
13	9000
13	1000
13	4000
13	4000
13	8000
13	4000
13	2000
13	3000
13	5000
13	2000
13	2000
13	2000
13	2000
13	2000
13	2000
13	3000
13	3000
13	2000
13	3000
13	4000
13	3000
13	3000
13	3000
13	3000
13	5000
13	3000
13	2000
13	5000
13	3000
13	7000
13	2000
13	4000
13	3000
13	4000
13	3000
13	3000
13	4000
13	2000
13	6000
13	2000
13	3000
13	2000
13	4000
13	2000
13	2000
13	5000
13	3000
13	1000
13	2000
13	1000
13	4000
13	2000
13	4000
13	2000
13	2000
13	5000
13	2000
13	2000
13	3000
13	4000
13	2000
13	11000
13	8000
13	4000
13	11000
13	3000
13	7000
13	3000
13	5000
13	4000
13	3000
13	5000
13	18000
13	5000
13	3000
13	7000
13	3000
13	5000
13	1000
13	5000
13	2000
13	6000
13	1000
13	5000
13	5000
13	7000
13	4000
13	1000
13	4000
13	1000
13	2000
13	6000
13	2000
13	3000
13	2000
13	2000
13	2000
13	2000
13	5000
13	3000
13	2000
13	5000
13	2000
13	2000
13	2000
13	2000
13	2000
13	2000
13	3000
13	3000
13	1999
13	3000
13	3000
13	4000
13	2000
13	2000
13	5000
13	3000
13	4000
13	5000
13	3000
13	2000
13	2000
13	2000
13	4000
13	9000
13	2000
13	2000
13	4000
13	2000
13	2000
13	1000
13	3000
13	2000
13	2000
13	2000
13	2000
13	4000
13	3000
13	2000
13	5000
13	2000
13	2000
13	2000
13	2000
13	2000
13	3000
13	2000
13	1000
13	4000
13	3000
13	9000
13	8000
13	4000
13	4000
13	2000
13	2000
13	3000
13	2000
13	2000
13	3000
13	2000
13	4000
13	3000
13	2000
13	6000
13	2000
13	4000
13	3000
13	2000
13	3000
13	8000
13	7000
13	6000
13	2000
13	6000
13	1000
13	5000
13	4000
13	3000
13	2000
13	2000
13	2000
13	1000
13	2000
13	2000
13	3000
13	2000
13	3000
13	3000
13	2000
13	5000
13	2000
13	3000
13	2000
13	2000
13	2000
13	4000
13	4000
13	3000
13	4000
13	876
13	6000
13	3000
13	4000
13	3000
13	4000
13	4000
13	3000
13	4000
13	2000
13	2000
13	4000
13	3000
13	2000
13	2000
13	3000
13	3000
13	2000
13	1000
13	3000
13	3000
13	2000
13	2000
13	1000
13	2000
13	7000
13	2000
13	2000
13	4000
13	9000
13	2000
13	2000
13	3000
13	3000
13	3000
13	7000
13	2000
13	2000
13	3000
13	1000
13	4000
13	4000
13	3000
13	3000
13	4000
13	2000
13	2000
13	2000
13	4000
13	1000
13	1000
13	2000
13	4000
13	4000
13	3000
13	2000
13	1000
13	3000
13	4000
13	2000
13	2000
13	2000
13	4000
13	2000
13	3000
13	2000
13	3000
13	3000
13	3000
13	3000
13	3000
13	4000
13	7000
13	2000
13	2000
13	4000
13	1064
13	2000
13	3000
13	5000
13	1000
13	6000
13	3000
13	8000
13	3000
13	3000
13	2000
13	2000
13	6000
13	2000
13	2000
13	2000
13	1000
13	5000
13	2000
13	2000
13	4000
13	6000
13	7000
13	2000
13	4000
13	2000
13	7000
13	1000
13	6000
13	3000
13	3000
13	2000
13	4000
13	3000
13	3000
13	1000
13	2000
13	2000
13	2000
13	1000
13	2000
13	2000
13	2000
13	3000
13	7000
13	3000
13	5000
13	5000
13	3000
13	2000
13	9000
13	1000
13	1000
13	4000
13	7000
13	3000
13	5000
13	4000
13	5000
13	3000
13	2000
13	3000
13	2000
13	3000
13	4000
13	4000
13	4000
13	3000
13	2000
13	4000
13	4000
13	2000
13	1000
13	2000
13	3000
13	2000
13	2000
13	2000
13	6000
13	2000
13	5000
13	5000
13	2000
13	4000
13	1000
13	3000
13	3000
13	2000
13	2000
13	2000
13	4000
13	2986
13	1000
13	4000
13	2000
13	2000
13	1000
13	1000
13	2000
13	1000
13	7000
13	2000
13	1000
13	3000
13	2000
13	2000
13	6000
13	2000
13	9000
13	2000
13	1000
13	1000
13	3000
13	2000
13	1000
13	5000
13	2000
13	6000
13	1000
13	2000
13	3000
13	2000
13	2000
13	3000
13	2000
13	2000
13	4000
13	2000
13	2000
13	2000
13	8000
13	3000
13	3000
13	2000
13	2000
13	3000
13	4000
13	3000
13	4000
13	2000
13	2000
13	2000
13	2000
13	2000
13	3000
13	2000
13	3000
13	3000
13	10000
13	4000
13	1000
13	1000
13	3000
13	2000
13	4000
13	4000
13	2000
13	5000
13	1000
13	1000
13	1000
13	6000
13	2000
13	2000
13	3000
13	3000
13	6000
13	3000
13	3000
13	2000
13	2000
13	4000
13	2000
13	5000
13	9000
13	12000
13	6000
13	2000
13	10000
13	2000
13	4000
13	2000
13	2000
13	3000
13	3000
13	4000
13	2000
13	2000
13	4000
13	7000
13	4000
13	3000
13	4000
13	4000
13	2000
13	2000
13	4000
13	2000
13	2000
13	1000
13	2000
13	2000
13	1000
13	4000
13	2000
13	2000
13	2000
13	4000
13	2000
13	3000
13	4000
13	3000
13	3000
13	5000
13	2000
13	4000
13	3000
13	3000
13	3000
13	3000
13	6000
13	4000
13	2000
13	3000
13	2000
13	5000
13	4000
13	5000
13	9000
13	8000
13	5000
13	11000
13	2000
13	4000
13	2000
13	6000
13	11000
13	6000
13	6000
13	5000
13	2000
13	3000
13	3000
13	2000
13	2000
13	3000
13	5000
13	8000
13	5000
13	3000
13	1000
13	2000
13	3000
13	6000
13	2000
13	7000
13	5000
13	3000
13	2000
13	4000
13	1000
13	3000
13	2000
13	3000
13	3000
13	4000
13	2000
13	3000
13	2000
13	2000
13	2000
13	2000
13	3000
13	2000
13	2000
13	2000
13	4000
13	5000
13	6000
13	4000
13	4000
13	2000
13	7000
13	3000
13	2000
13	2000
13	2000
13	4000
13	5000
13	2000
13	4000
13	10000
13	2000
13	5000
13	9000
13	6000
13	2000
13	4000
13	4000
13	2000
13	2000
13	2000
13	3000
13	4000
13	4000
13	2000
13	3000
13	3000
13	4000
13	2000
13	2000
13	9000
13	11000
13	5000
13	2000
13	9000
13	6000
13	4000
13	2000
13	2000
13	3000
13	1000
13	4000
13	6000
13	4000
13	5000
13	4000
13	6000
13	2000
13	6000
13	7000
13	3000
13	14000
13	30000
13	3000
13	1000
13	5000
13	3000
13	2000
13	5000
13	2000
13	7000
13	2000
13	11000
13	2000
13	3000
13	4000
13	1000
13	2000
13	3000
13	2000
13	3000
13	3000
13	2000
13	2000
13	2000
13	4000
13	2000
13	2000
13	2000
13	3000
13	2000
13	2000
13	2000
13	4000
13	2000
13	3000
13	6000
13	7000
13	2000
13	2000
13	3000
13	2000
13	3000
13	3000
13	2000
13	5000
13	5000
13	3000
13	6000
13	2000
13	2000
13	2000
13	3000
13	2000
13	4000
13	2000
13	2000
13	4000
13	3000
13	2000
13	2000
13	3000
13	9000
13	4000
13	2000
13	6000
13	2000
13	2000
13	6000
13	1000
13	3000
13	3000
13	4000
13	7000
13	3000
13	5000
13	2000
13	5000
13	7000
13	7000
13	3000
13	10000
13	9000
13	5000
13	5000
13	3000
13	3000
13	3000
13	2000
13	2000
13	2000
13	6000
13	9000
13	2000
13	2000
13	3000
13	3000
13	6000
13	2000
13	7000
13	6000
13	4000
13	4000
13	4000
13	2000
13	2000
13	4000
13	3000
13	4000
13	6000
13	2000
13	1000
13	9000
13	2000
13	2000
13	3000
13	3000
13	2000
13	3000
13	2197
13	2000
13	4000
13	2000
13	4000
13	2000
13	2000
13	3000
13	5000
13	5000
13	3000
13	2000
13	2000
13	3000
13	5000
13	4000
13	3000
13	5000
13	3000
13	1000
13	9000
13	4000
13	3000
13	2000
13	3000
13	2000
13	2000
13	1000
13	8000
13	12000
13	11000
13	18000
13	10000
13	6000
13	4000
13	4000
13	1000
13	3000
13	3000
13	3000
13	3000
13	3000
13	2000
13	3000
13	4000
13	2000
13	2000
13	2000
13	3000
13	3000
13	3000
13	5000
13	4000
13	1000
13	5000
13	1000
13	3000
13	1000
13	6000
13	3000
13	3000
13	10000
13	2000
13	2000
13	5000
13	1000
13	2000
13	2000
13	9000
13	2000
13	3000
13	2000
13	2000
13	2000
13	2000
13	3000
13	3000
13	3000
13	5000
1	2000
1	2000
1	3000
1	9000
1	2000
1	2000
1	3000
1	6000
1	3000
1	2000
1	2000
1	3000
1	3000
1	5000
1	2000
1	5000
1	3000
1	2000
1	2000
1	2000
1	4000
1	2000
1	2000
1	2000
1	2000
1	2000
1	2000
1	3000
1	3000
1	2000
1	2000
1	7000
1	3000
1	2000
1	2000
1	2000
1	2000
1	3000
1	4000
1	7000
1	14000
1	15000
1	11000
1	3000
1	2000
1	12000
1	3000
1	2000
1	2000
1	3000
1	2000
1	2000
1	2000
1	4000
1	2000
1	2000
1	3000
1	2000
1	7000
1	2000
1	2000
4	3000
4	2000
4	6000
4	6000
4	2000
4	6000
4	100000
4	2000
4	4000
4	3000
4	3000
4	1000
4	3000
4	5000
4	4000
4	5000
4	5000
4	5000
4	6000
4	2000
4	6000
4	5000
4	4000
4	2000
4	1000
4	3000
4	5000
4	2000
4	2000
4	49000
4	2000
4	3000
4	2000
4	2000
4	6000
4	3000
4	2000
4	3000
4	2000
4	2000
4	5000
4	4000
4	2000
4	4000
4	2000
4	6000
4	4000
4	6000
4	5000
4	3000
4	2000
4	6000
4	2000
4	3000
4	2000
4	6000
4	2000
4	4000
4	3000
4	2000
4	3000
4	4000
4	4000
4	4000
4	3000
4	5000
4	3000
4	2000
4	2000
4	1000
4	5000
4	2000
4	5000
4	3000
4	7000
4	6000
4	3000
4	3000
4	6000
4	122000
4	2000
4	2000
4	2000
4	7000
4	2000
4	1000
4	5000
4	5000
4	5000
4	6000
4	18000
4	22000
4	2000
4	4000
4	2000
4	13000
4	5000
4	8000
4	20000
4	12000
4	65000
4	3000
4	5000
4	4000
4	6000
4	5000
4	3000
4	4000
4	3000
4	2000
4	6000
4	8000
4	12000
4	3000
4	6000
4	7000
4	4000
4	3000
4	3000
4	2000
4	3000
4	2000
4	5000
4	5000
4	2000
4	3000
4	2000
4	4000
4	5000
4	2000
4	4000
4	5000
4	8000
4	10000
4	12000
4	4000
4	2000
4	6000
4	2000
4	2000
4	3000
4	3000
4	2000
4	2000
4	5000
4	5000
4	6000
4	4000
4	4000
4	2000
4	2000
4	5000
4	2000
4	2000
4	3000
4	4000
4	6000
4	5000
4	7000
4	3000
4	5000
4	3000
4	4000
4	2000
4	3000
4	35000
4	2000
4	43000
4	4000
4	2000
4	150000
4	10000
4	10000
