label	length
6	2000
6	2000
6	2000
6	2000
6	3000
6	2000
6	2000
6	3000
6	3000
6	2000
6	2000
6	2000
6	2000
6	2000
6	2000
6	2000
6	2000
6	2000
6	2000
6	2000
6	5000
6	3000
6	3000
6	2000
6	3000
6	3000
6	2000
6	2000
6	3000
6	2000
6	2000
6	2000
6	2000
6	2000
6	7000
6	8000
6	2000
6	3000
6	4000
6	3000
6	4000
6	2000
6	2000
6	2000
6	2000
6	2000
6	3000
6	2000
6	20000
6	2000
6	2000
6	3000
6	5000
6	2000
6	6000
6	2000
6	2000
6	5000
6	21000
6	5000
6	2000
6	3000
6	2000
6	2000
6	7000
6	2000
6	4000
6	9000
6	3000
6	2000
6	3000
6	2000
6	2000
6	2000
6	7000
6	3000
6	7000
6	2000
6	16000
6	3000
6	2000
6	2000
6	4000
6	2000
6	4000
6	2000
6	3000
6	3000
6	3000
6	2000
13	3000
13	6000
13	3000
13	6000
13	4000
13	3000
13	6000
13	4000
13	8000
13	4000
13	5000
13	2000
13	4000
13	2000
13	2000
13	2000
13	11000
13	7000
13	5000
13	2000
13	2000
13	2000
13	5000
13	2000
13	6000
13	2000
13	5000
13	4000
13	3000
13	3000
13	3000
13	3000
13	2000
13	2000
13	14000
13	14000
13	2000
13	3000
13	2000
13	10000
13	3000
13	3000
13	3000
13	2000
13	2000
13	2000
13	4000
13	2000
13	3000
13	2000
13	3000
13	4000
13	3000
13	8000
13	21000
13	2000
13	4000
13	2000
13	2000
13	7000
13	4000
13	2000
13	2000
13	3000
13	4000
13	4000
13	2000
13	11000
13	22000
13	12000
13	2000
13	5000
13	2000
13	17000
13	15000
13	10000
13	3000
13	5000
13	3000
13	2000
13	2000
13	2000
13	3000
13	2000
13	8000
13	2000
13	2000
13	2000
13	6000
13	7000
13	3000
13	4000
13	3000
13	3000
13	5000
13	5000
13	8000
13	8000
13	2000
13	3000
13	2000
13	2000
13	5000
13	6000
13	2000
13	3000
13	33000
13	9000
13	4000
13	3000
13	2000
13	2000
13	7000
13	18000
13	6000
13	2000
13	2000
13	2000
13	9000
13	2000
13	2000
13	7000
13	2000
13	2000
13	3000
13	11000
13	9000
13	7000
13	3000
13	10000
13	3000
13	4000
13	2000
13	4000
13	4000
13	7000
13	6000
13	3000
13	5000
13	2000
13	4000
13	8000
13	2000
13	2000
13	4000
13	6000
13	3000
13	17000
13	3000
13	3000
13	2000
13	9000
13	3000
13	12000
13	4000
13	14000
13	3000
13	16000
13	19000
13	11000
13	3000
13	9000
13	2000
13	3000
13	2000
13	4000
13	3000
13	4000
13	7000
13	5000
13	5000
13	3000
13	2000
13	2000
13	3000
13	2000
13	6000
13	3000
13	4000
13	6000
13	11000
13	8000
13	7000
13	3000
13	2000
5	2000
5	2000
5	2000
5	4000
5	2000
5	2000
5	3000
5	3000
5	4000
5	3000
5	4000
5	3000
5	2000
5	5000
5	4000
5	5000
5	5000
5	2000
5	2000
5	2000
5	2000
5	2000
5	2000
5	3000
5	2000
5	2000
5	2000
5	5000
5	2000
5	4000
5	3000
5	2000
5	2000
5	4000
5	4000
5	2000
5	2000
5	2000
5	4000
5	5000
5	3000
5	2000
5	3000
5	2000
5	2000
5	2000
5	2000
5	2000
5	2000
5	2000
5	2000
5	6000
5	3000
5	3000
5	6000
5	7000
5	5000
5	10000
5	2000
5	3000
5	5000
5	2000
5	3000
5	8000
5	4000
5	4000
5	3000
5	3000
5	5000
5	2000
5	2000
5	2000
5	3000
5	9000
5	2000
5	4000
5	2000
5	2000
5	2000
5	9000
5	2000
5	2000
5	2000
5	5000
5	2000
5	2000
5	3000
5	2000
5	2000
5	4000
5	3000
5	2000
5	5000
5	3000
5	2000
5	2000
5	4000
5	2000
5	4000
5	2000
5	5000
5	4000
5	4000
5	3000
5	5000
5	4000
5	2000
5	4000
5	2000
5	2000
5	2000
5	5000
5	2000
5	2000
5	9000
5	2000
5	2000
5	3000
5	2000
5	2000
5	2000
5	9000
5	7000
5	11000
5	5000
5	3000
5	2000
5	2000
5	2000
5	2000
5	2000
5	4000
5	2000
5	2000
5	2000
5	3000
5	14000
5	2000
5	2000
5	3000
5	3000
5	2000
5	2000
5	2000
5	2000
5	2000
5	2000
5	3000
5	2000
14	2000
14	2000
14	2000
14	2000
14	2000
14	2000
14	2000
14	2000
14	2000
14	2000
14	3000
14	2000
14	2000
14	2000
14	2000
14	2000
14	4000
14	2000
14	3000
14	2000
14	2000
14	2000
14	2000
14	4000
14	3000
14	2000
14	3000
14	2000
14	2000
14	2000
14	2000
14	2000
14	2000
14	2000
14	2000
14	2000
14	2000
14	2000
14	3000
14	2000
14	2000
14	2000
14	2000
14	2000
14	2000
14	2000
14	2000
14	3000
14	2000
14	2000
14	2000
14	2000
14	2000
14	2000
14	3000
14	2000
14	2000
14	2000
14	2000
14	2000
14	2000
14	3000
14	2000
14	2000
14	2000
14	2000
14	2000
14	4000
14	2000
14	2000
14	2000
14	4000
14	2000
14	2000
14	4000
14	3000
14	3000
4	18000
4	26000
4	5000
4	2000
4	13000
4	15000
4	27000
4	6000
4	2000
4	2000
4	3000
4	4000
4	3000
4	7000
4	5000
4	9000
4	13000
4	2000
4	3000
4	2000
4	3000
4	3000
4	3000
4	2000
4	16000
4	8000
4	6000
4	3000
4	1000
4	10000
4	7000
4	2000
4	2000
4	2000
4	2000
4	2000
4	21000
4	6000
4	8000
4	7000
4	3000
4	8000
4	10000
4	3000
4	10000
4	2000
4	2000
4	2000
4	4000
4	13000
4	2000
4	8000
4	42000
4	16000
4	2000
4	12000
4	4000
4	6000
4	4000
4	4000
4	28000
4	2000
4	2000
4	8000
4	3000
4	4000
4	9000
4	4000
4	12000
4	19000
4	2000
4	3000
4	3000
4	2000
4	2000
4	4000
4	4000
4	3000
4	2000
4	4000
4	3000
4	2000
4	3000
4	3000
4	2000
4	2000
4	2000
4	2000
4	3000
4	4000
4	3000
4	2000
4	5000
4	3000
4	2000
4	2000
4	3000
4	14000
4	7000
4	25000
4	19000
4	12000
4	3000
4	2000
4	2000
4	3000
4	3000
4	5000
4	2000
4	2000
4	1000
4	2000
4	2000
4	2000
4	5000
4	2000
4	24000
4	3000
4	9000
4	7000
4	6000
4	11000
4	7000
4	10000
4	6000
4	3000
4	19000
4	15000
4	2000
4	2000
4	3000
4	4000
4	24000
4	3000
4	25000
4	17000
4	10000
4	7000
4	3000
4	29000
4	16000
4	4000
4	12000
4	4000
4	7000
4	5000
4	2000
4	2000
4	9000
4	1000
4	2000
4	3000
4	7000
4	6000
4	3000
4	5000
4	2000
4	5000
4	9000
4	3000
4	5000
4	2000
4	7000
4	14000
4	8000
4	4000
4	2000
4	2000
4	9000
4	9000
4	8000
4	8000
4	3000
4	6000
4	8000
4	7000
4	6000
4	2000
4	3000
4	7000
4	3000
4	2000
4	2000
4	7000
4	8000
4	2000
4	2000
4	7000
4	7000
4	2000
4	4000
4	8000
4	3000
4	2000
4	2000
4	6000
4	8000
4	2000
4	13000
4	3000
4	10000
4	3000
4	2000
4	4000
4	1000
4	2000
4	2000
4	6000
4	9000
4	3000
4	1000
4	6000
4	4000
4	2000
4	4000
4	5000
4	2000
4	2000
4	2000
4	3000
4	7000
4	2000
12	2000
12	3000
12	6000
12	5000
12	2000
12	2000
12	5000
12	2000
12	5000
12	2000
12	3000
12	2000
12	4000
12	2000
12	3000
12	2000
12	2000
12	8000
12	1000
12	2000
12	2000
12	2000
12	2000
12	3000
12	2000
12	2000
12	4000
12	2000
12	2000
12	2000
12	3000
12	2000
12	2000
12	2000
12	2000
12	2000
12	3000
12	3000
12	3000
12	2000
12	3000
12	6000
12	2000
12	2000
12	4000
12	2000
12	2000
12	2000
12	2000
12	2000
12	2000
12	4000
12	2000
12	2000
12	2000
12	6000
12	3000
12	3000
12	3000
12	2000
12	2000
12	3000
12	2000
12	2000
12	4000
12	3000
12	2000
12	2000
12	6000
12	2000
12	2000
12	2000
12	2000
12	2000
12	5000
12	2000
12	2000
12	3000
12	2000
12	2000
12	2000
12	4000
12	5000
12	3000
12	4000
12	2000
12	3000
12	2000
12	2000
12	2000
12	2000
12	2000
12	2000
12	2000
12	2000
12	2000
12	2000
12	2000
12	2000
12	2000
12	3000
12	2000
12	2000
12	2000
12	2000
12	4000
12	2000
12	2000
12	2000
12	4000
12	5000
12	3000
12	2000
12	2000
12	4000
12	2000
12	2000
12	2000
12	3000
12	3000
12	3000
12	2000
12	2000
12	2000
12	2000
12	2000
12	2000
12	3000
12	3000
12	4000
12	2000
12	2000
12	2000
12	4000
12	4000
12	2000
12	1000
12	2000
12	3000
12	2000
12	2000
12	3000
12	2000
12	2000
12	3000
12	2000
12	4000
12	3000
12	3000
12	2000
12	4000
12	2000
12	4000
12	5000
12	3000
12	2000
12	2000
12	2000
12	2000
12	2000
12	2000
12	2000
12	1002
12	3000
12	2000
12	3000
12	2000
12	2000
12	2000
12	2000
12	2000
12	4000
12	2000
12	3000
12	2000
12	2000
12	2000
12	2000
12	2000
12	2000
12	2000
12	6000
12	2000
12	2000
12	2000
12	2000
12	2000
12	2000
12	2000
12	2000
12	3000
12	2000
12	2000
12	2000
12	2000
12	4000
12	5000
12	4000
12	2000
12	3000
12	6000
12	4000
12	2000
12	3000
12	2000
12	3000
12	2000
12	3000
12	2000
12	3000
12	2000
12	2000
12	2000
12	4000
12	2000
12	2000
12	2000
12	3000
12	2000
12	2000
12	2000
12	2000
12	2000
12	2000
12	4000
12	2000
12	3000
12	2000
12	3000
12	2000
12	2000
12	3000
12	2000
12	2000
12	2000
12	2000
12	5000
12	2000
12	2000
12	2000
12	2000
12	7000
12	2000
12	4000
12	4000
12	4000
12	2000
12	2000
12	3000
12	2000
12	3000
12	2000
12	2000
12	4000
12	2000
12	3000
12	2000
12	2000
12	2000
12	2000
12	2000
12	2000
12	5000
12	2000
12	2000
12	2000
12	4000
12	5000
12	3000
12	3000
12	3000
12	2000
12	2000
12	2000
12	2000
12	5000
12	2000
12	2000
12	4000
12	4000
12	2000
12	2000
12	3000
12	2000
12	2000
12	6000
12	3000
12	5000
12	2000
12	4000
12	4000
12	2000
12	2000
12	2000
12	3000
12	2000
12	2000
12	2000
12	5000
12	2000
12	3000
12	4000
12	3000
12	2000
12	2000
12	2000
12	2000
12	3000
12	2000
12	2000
12	2000
12	3000
12	2000
12	2000
12	3000
12	2000
12	4000
12	2000
12	2000
12	6000
12	2000
12	2000
12	2000
12	4000
12	2000
12	4000
12	2000
12	2000
12	3000
12	2000
12	2000
12	2000
12	2000
12	2000
12	2000
12	2000
12	2000
12	6000
12	2000
12	2000
12	2000
12	2000
12	3000
12	5000
12	3000
12	2000
12	2000
12	2000
12	10000
12	2000
12	3000
12	2000
12	2000
12	2000
12	2000
12	2000
12	2000
12	2000
12	3000
12	2000
12	4000
12	3000
12	2000
12	3000
12	2000
12	2000
12	2000
12	2000
12	2000
12	2000
12	3000
12	6000
12	3000
12	2000
12	2000
12	2000
12	2000
12	2000
12	2000
12	3000
12	4000
12	4000
12	4000
12	2000
12	3000
12	2000
12	2000
12	5000
12	2000
12	2000
12	6000
12	2000
12	2000
12	2000
12	2000
12	2000
12	3000
12	2000
12	4000
12	2000
12	2000
12	2000
12	2000
12	3000
12	2000
12	2000
12	2000
12	3000
12	2000
12	2000
11	3000
11	2000
11	1000
11	2000
11	2000
11	4000
11	4000
11	4000
11	2000
11	2000
11	3000
11	15000
11	6000
11	5000
11	4000
11	3000
11	6000
11	12000
11	5000
11	1000
11	5000
11	1000
11	1000
11	3000
11	1000
11	1000
11	2000
11	2000
11	2000
11	2000
11	5000
11	3000
11	4000
11	2000
11	3000
11	2000
11	1000
11	2000
11	2000
11	4000
11	4000
11	3000
11	5000
11	2000
11	4000
11	1000
11	2000
11	1000
11	2000
11	5000
11	2000
11	3000
11	2000
11	2000
11	2000
11	3000
11	2000
11	3000
11	3000
11	5000
11	3000
11	4000
11	2000
11	2000
11	2000
11	1000
11	3000
11	3000
11	4000
11	2000
11	4000
11	6048
11	1000
11	2000
11	4000
11	18000
11	4000
11	4000
11	2000
11	2000
11	6000
11	3000
11	2000
11	3000
11	3000
11	12000
11	1000
11	4000
11	2000
11	5000
11	11000
11	1000
11	7000
11	6000
11	2000
11	6000
11	3000
11	3000
11	5000
11	6000
11	4000
11	9000
11	5000
11	2000
11	1000
11	2000
11	3000
11	4000
11	3000
11	3000
11	4000
11	1000
11	4000
11	6000
11	3000
11	1000
11	7000
11	6000
11	4000
11	2000
11	3000
11	2000
11	11000
11	7000
11	3000
11	4000
11	3000
11	2000
11	5000
11	2000
11	4000
11	3000
11	9000
11	9000
11	2000
11	2000
11	2000
11	13000
11	3000
11	7000
11	4000
11	4000
11	1000
11	5000
11	2000
11	7000
11	3000
11	2000
11	2000
11	7000
11	6000
11	2000
11	2000
11	5000
11	4000
11	3000
11	3000
11	2000
11	1000
11	8000
11	4000
11	8000
11	6000
11	5000
11	3000
11	3000
11	5000
11	4000
11	2000
11	2000
11	2000
11	3000
11	3000
11	3000
11	4000
11	4000
11	1000
11	4000
11	3000
11	11000
11	2000
11	1000
11	3000
11	2000
11	5000
11	5000
11	3000
11	8000
11	4000
11	3000
11	10000
11	3000
11	2000
11	2000
11	3000
11	2000
11	2000
11	4000
11	13000
11	3000
11	2000
11	2000
11	5000
11	4000
11	2000
11	3000
11	10000
11	4000
11	2000
11	8000
11	8000
11	6000
11	7000
11	1000
11	2000
11	5000
11	3000
11	2000
11	4000
11	4000
11	4000
11	8000
11	3000
11	4000
11	4000
11	3000
11	4000
11	3000
11	2000
11	2000
11	2000
11	5000
11	8000
11	1000
11	2000
11	4000
11	2000
11	2000
11	2000
11	3000
11	3000
11	3000
11	2000
11	2000
11	4000
11	2000
11	2000
11	3000
11	4000
11	2000
11	4000
11	1000
11	1000
11	2000
11	3000
11	3000
11	3000
11	2000
11	4000
11	3000
11	3000
11	2000
11	3000
11	2000
11	5000
11	3000
11	2000
11	2000
11	1000
11	4000
11	1000
11	3000
11	3000
11	4000
11	3000
11	2000
11	3000
11	3000
11	2000
11	8000
11	2000
11	6000
11	11000
11	3000
11	5000
11	3000
11	4000
11	3000
11	5000
11	2000
11	3000
11	2000
11	4000
11	2000
11	4000
11	3000
11	6000
11	3000
11	4000
11	2000
11	2000
11	2000
11	3000
11	7000
11	5000
11	3000
11	3000
11	5000
11	2000
11	11000
11	3000
11	2000
11	1000
11	11000
11	3000
11	5000
11	7000
11	5000
11	3000
11	3000
11	2000
11	1000
11	6000
11	1000
11	10000
11	3000
11	4000
11	4000
11	6000
11	3000
11	1000
11	2000
11	2000
11	2000
11	1000
11	4000
11	3000
11	2000
11	3000
11	1000
11	4000
11	7000
11	1000
11	2000
11	6000
11	3000
11	5000
11	3000
11	3000
11	3000
11	3000
11	1000
11	3000
11	5000
11	3000
11	1000
11	2000
11	3000
11	3000
11	3000
11	3000
11	3000
11	2000
11	3000
11	4000
11	1000
11	3000
11	2000
11	2000
11	3000
11	5000
11	2000
11	6000
11	2000
11	2000
11	2000
11	2000
11	4000
11	8000
11	1000
11	2000
11	2000
11	1000
11	1000
11	1000
11	3000
11	2000
11	2000
11	2000
11	3000
11	2000
11	3000
11	1
11	1000
11	2000
11	2000
11	2000
11	2000
11	1000
11	1000
11	1000
11	2000
11	2000
11	1000
11	2000
11	1000
11	3000
11	2000
11	1000
11	2000
11	2000
11	1000
11	3000
11	2000
11	1000
11	2000
11	2000
11	2000
11	1000
11	3000
11	2000
11	2000
11	2000
11	6000
11	3000
11	2000
11	2000
11	3000
11	5000
11	3000
11	2000
11	3000
11	3000
11	2000
11	3000
11	4000
11	3000
11	1000
11	6000
11	5000
11	3000
11	3000
11	2000
11	4000
11	6000
11	7000
11	3000
11	3000
11	6000
11	5000
11	3000
11	1000
11	3000
11	2000
11	2000
11	4000
11	4000
11	8000
11	4000
11	8000
11	1000
11	12000
11	3000
11	14000
11	13000
11	8000
11	1000
11	6000
11	5000
11	3000
11	5000
11	2000
11	6000
11	2000
11	5000
11	2000
11	3000
11	5000
11	4000
11	11000
11	7000
11	3000
11	2000
11	2000
11	9000
11	5000
11	3000
11	3000
11	5000
11	11000
11	5000
11	9000
11	3000
11	6000
11	3000
11	3000
11	2000
11	8000
11	5000
11	3000
11	3000
11	2000
11	3000
11	3000
11	1000
11	5000
11	6000
11	3000
11	4000
11	3000
11	2000
11	9000
11	13000
11	1000
11	6000
11	2000
11	6000
11	5000
11	2000
11	6000
11	1000
11	4000
11	5000
11	4000
11	4000
11	3000
11	2000
11	2000
11	2000
11	2000
11	4000
11	2000
11	3000
11	2000
11	3000
11	4000
11	4000
11	2000
11	1000
11	2000
11	3000
11	6000
11	4000
11	2000
11	2000
11	1000
11	3000
11	1000
11	2000
11	2000
11	2000
11	1000
11	1000
11	4000
11	2000
11	3000
11	3000
11	2000
11	4000
11	2000
11	2000
11	3000
11	3000
11	2000
11	3000
11	2000
11	4000
11	6000
11	1000
11	3000
11	2000
11	1000
11	3000
11	2000
11	2000
11	3000
11	3000
11	2000
11	3000
11	4000
11	1000
11	1000
11	2000
11	2000
11	3000
11	3000
11	3000
11	2000
11	2000
11	3000
11	6000
11	3000
11	2000
11	2000
11	2000
11	2000
11	10000
11	2000
11	1000
11	2000
11	2000
11	6000
11	7000
11	3000
11	4000
11	8000
11	4000
11	1000
11	3000
11	3000
11	2000
11	2000
11	2000
11	5000
11	8000
11	4000
11	3000
11	4000
11	5000
11	3000
11	3000
11	10000
11	8000
11	6000
11	3000
11	2000
11	5000
11	4000
11	3000
11	3000
11	2000
11	2000
11	3000
11	2000
11	4000
11	3000
11	5000
11	8000
11	4000
11	3000
11	7000
11	2000
11	2000
11	9000
11	2000
11	3000
11	2000
11	3000
11	2000
11	3000
11	3000
11	4000
11	3000
11	4000
11	7000
11	3000
11	5000
11	8000
11	2000
11	6000
11	3000
11	2000
11	3000
11	8000
11	3000
11	8000
11	5000
11	2000
11	4000
11	2000
11	1000
11	5000
11	9000
11	17000
11	5000
11	2000
11	4000
11	12000
11	6000
11	8000
11	3000
11	4000
11	1000
11	16000
11	3000
11	2000
11	3000
11	1000
11	5000
11	4000
11	2000
11	4000
11	5000
11	2000
11	2000
11	6000
11	3000
11	2000
11	4000
11	7000
11	1000
11	3000
11	3000
11	8000
11	6000
11	2000
11	1000
11	1000
11	5000
11	7000
11	2000
11	1000
11	1000
11	3000
11	3000
11	6000
11	4000
11	5000
11	6000
11	2000
11	3000
11	8000
11	10000
11	2000
11	4000
11	4000
11	4000
11	3000
11	1000
11	1000
11	1000
11	2000
11	2000
11	2000
11	2000
11	2000
11	4000
11	2000
11	5000
11	3000
11	2000
11	3000
11	12000
11	2000
11	2000
11	6000
11	10000
11	3000
11	2000
11	3000
11	2000
11	4000
11	1000
11	4000
11	3000
11	4000
11	2000
11	2000
11	2000
11	4000
11	3000
11	3000
11	2000
11	4000
11	2000
11	4000
11	11000
11	3000
11	4000
11	1000
11	2000
11	2000
11	1000
11	3000
11	4000
11	3000
11	4000
11	6000
11	2000
11	5000
11	2000
11	4000
11	2000
11	1000
11	1000
11	1000
11	1000
11	10000
11	7000
11	4000
11	2000
11	8000
11	3000
11	1000
11	3000
11	3000
11	4000
11	4000
11	3000
11	2000
11	5000
11	11000
11	2000
11	5000
11	5000
11	4000
11	9000
11	1000
11	3000
11	1000
11	1000
11	1000
11	3000
11	2000
11	1000
11	1000
11	2000
11	2000
11	1000
11	2000
11	3000
11	1000
11	2000
11	2000
11	2000
11	1000
11	1000
11	2000
11	1000
11	2000
11	2000
11	2000
11	2000
11	2000
11	4000
11	3000
11	3000
11	4000
11	5000
11	3000
11	2000
11	2000
11	3000
11	2000
11	1000
11	5000
11	4000
11	3000
11	1000
11	4000
11	4000
11	3000
11	6000
11	7000
11	4000
11	1000
11	5000
11	4000
11	2000
11	1000
11	3000
11	6000
11	2000
11	2000
11	3000
11	5000
11	2000
11	8000
11	4000
11	2000
11	6000
11	3000
11	3000
11	7000
11	6000
11	2000
11	3000
11	8000
11	4000
11	1000
11	2000
11	3000
11	3000
11	6000
11	2000
11	1000
11	2000
11	3000
11	5000
11	4000
11	2000
11	2000
11	6000
11	2000
11	3000
11	1000
11	2000
11	2000
11	10000
11	4000
11	4000
11	10000
11	4000
11	5000
11	2000
11	1000
11	2000
11	4000
11	6000
11	2000
11	1000
11	2000
11	1000
11	2000
11	2000
11	3000
11	5000
11	6000
11	3000
11	3000
11	6000
11	2000
11	3000
11	3000
11	1000
11	3000
11	12000
11	4000
11	2000
11	2000
11	4000
11	3000
11	2000
11	10000
11	6000
11	2000
11	2000
11	5000
11	2000
11	2000
11	4000
11	7000
11	2000
11	4000
11	1000
11	3000
11	5000
11	3000
11	2000
11	4000
11	3000
11	2000
11	16000
11	2000
11	3000
11	3000
11	3000
11	3000
11	1000
11	2000
11	3000
11	2000
11	7000
11	2000
11	3000
11	5000
11	5000
11	3000
11	2000
11	3000
11	5000
11	2000
11	4991
11	2000
11	2000
11	3000
11	4000
11	10000
11	9000
11	2000
11	1000
11	4000
11	5000
11	4000
11	2000
11	7000
11	2000
11	4000
11	1000
11	13000
11	6000
11	2000
11	2000
11	2000
11	2000
11	9000
11	4000
11	5000
11	7000
11	11000
11	6000
11	2000
11	3000
11	2000
11	2000
11	4000
11	3000
11	3000
11	4000
11	7000
11	3000
11	4000
11	5000
11	3000
11	6000
11	2000
11	3000
11	4000
11	3000
11	1000
11	5000
11	2000
11	2000
11	3000
11	3000
11	9000
11	4000
11	2000
11	5000
11	2000
11	3000
11	2000
11	3000
11	1000
11	5000
11	4000
11	2000
11	9000
11	1000
11	2000
11	1000
11	4000
11	1000
11	2000
11	2000
11	3000
11	14000
11	3000
11	1000
11	9000
11	4000
11	1000
11	6000
11	4000
11	6000
11	5000
11	15000
11	6000
11	1000
11	4000
11	3000
11	1000
11	1000
11	2000
11	9000
11	3000
11	3000
11	10000
11	3000
11	4000
11	2000
11	2000
11	7000
11	6000
11	6000
11	7000
11	3000
11	1000
11	8000
11	4000
11	3000
11	2000
11	3000
11	3000
11	2000
11	3000
11	4000
11	4000
11	2000
11	3000
11	3000
11	1000
11	2000
11	1000
11	8000
11	2000
11	4000
11	4000
11	4000
11	4000
11	3000
11	4000
11	3000
11	1000
11	3000
11	2000
11	3000
11	1000
11	3000
11	1000
11	3000
11	3000
11	4000
11	3000
11	2000
11	2000
11	2000
11	6000
11	3000
11	1000
11	5000
11	3000
11	2000
11	3000
11	7000
11	3000
11	5000
11	1000
11	5000
11	2000
11	3000
11	2000
11	7000
11	3000
11	2000
11	3000
11	3000
11	2000
11	3000
11	2000
11	4000
11	2000
11	2000
11	4000
11	3000
11	3000
11	5000
11	13000
11	15000
11	4000
11	3000
11	13000
11	3000
11	4000
11	4000
11	4000
11	2000
11	3000
11	27000
11	4000
11	4000
11	4000
11	9000
11	3000
11	7000
11	6000
11	2000
11	5000
11	2000
11	7000
11	2000
11	3000
11	2000
11	7000
11	3000
11	2000
11	5000
11	2000
11	3000
11	2000
11	2000
11	2000
11	2000
11	2000
11	1000
11	4000
11	2000
11	3000
11	2000
11	2000
11	2000
11	2000
11	2000
11	10000
11	3000
11	4000
11	3000
11	4000
11	3000
11	4000
11	4000
11	10000
11	6000
11	1000
11	3000
11	10000
11	4000
11	4000
11	3000
11	10000
11	1000
11	4000
11	3000
11	2000
11	6000
11	3000
11	3000
11	3000
11	2000
11	10000
11	4000
11	4000
11	3000
11	5000
11	5000
11	2000
11	2000
11	8000
11	1000
11	6000
11	5000
11	5000
11	5000
11	8000
11	2000
11	5000
11	15000
11	3000
11	1000
11	3000
11	2000
11	15000
11	7000
11	5000
11	3000
11	8000
11	8000
11	5000
11	3000
11	3000
11	4000
11	1000
11	3000
11	11000
11	5000
11	3000
11	6000
11	2000
11	3000
11	14000
11	8000
11	18000
11	4000
11	1000
11	2000
11	5000
11	3000
11	1000
11	7000
11	3000
11	4000
11	3000
11	2000
11	2000
11	7000
11	3000
11	7000
11	5000
11	1000
11	3000
11	2000
11	6000
11	12000
11	9000
11	3000
11	7000
11	3000
11	10000
11	6000
11	5000
11	3000
11	9000
11	3000
11	2000
11	1000
11	3000
11	3000
11	2000
11	3000
11	3000
11	5000
11	3000
11	4000
11	8000
11	3000
11	4000
11	10000
11	5000
11	2000
11	1000
11	7000
11	5000
11	2000
11	4000
11	3000
11	21000
11	14000
11	9000
11	6000
11	3000
11	3000
11	3000
11	4000
11	3000
11	2000
11	6000
11	7000
11	4000
11	9000
11	3000
11	4000
11	11000
11	5000
11	10000
11	7000
11	4000
11	8000
11	4000
11	3000
11	2000
11	3000
11	3000
11	2000
11	13000
11	4000
11	2000
11	2000
11	3000
11	5000
11	2000
11	7000
11	10000
11	3000
11	6000
11	1000
11	1000
11	5000
11	11000
11	8000
11	4000
11	6000
11	4000
11	3000
11	12000
11	3000
11	3000
11	4000
11	3000
11	5000
11	6000
11	7000
11	1000
11	8000
11	5000
11	4000
11	2000
11	7000
11	7000
11	6000
11	11000
11	7000
11	5000
11	4000
11	1000
11	5000
11	8000
11	3000
11	5000
11	3000
11	2000
11	11000
11	2000
11	3000
11	5000
11	5000
11	2000
11	7000
11	1000
11	4000
11	3000
11	1000
11	3000
11	3000
11	3000
11	1000
11	2000
11	1000
11	1000
11	3000
11	1000
11	2000
11	3000
11	4000
11	12000
11	3000
11	5000
11	1000
11	2000
11	1000
11	5000
11	1000
11	4000
11	12000
11	10000
11	5000
11	2000
11	8000
11	6000
11	3000
11	2000
11	4000
11	11000
11	7000
11	4000
11	3000
11	3000
11	5000
11	4000
11	3000
11	5000
11	9000
11	4000
11	3000
11	6000
11	5000
11	3000
11	9000
11	3000
11	2000
11	6000
11	4000
11	9000
11	2000
11	8000
11	1000
11	2000
11	5000
11	1000
11	3000
11	10000
11	5000
11	2000
11	2000
11	5000
11	3000
11	8000
11	4000
11	6000
11	2000
11	4000
11	3000
11	15000
11	17000
11	2000
11	2000
11	9000
11	4000
11	15000
11	5000
11	1000
11	3000
11	4000
11	3000
11	2000
11	9000
11	2000
11	2000
11	3000
11	15000
11	3000
11	2000
11	2000
11	6000
11	2000
11	1000
11	2000
11	2000
11	1000
11	3000
11	3000
11	3000
11	2000
11	7000
11	2000
11	2000
11	2000
11	4000
11	2000
11	1000
11	1000
11	3000
11	3000
11	7000
11	2000
11	2000
11	9000
11	3000
11	2000
11	1000
11	3000
11	3000
11	1000
11	4000
11	2000
11	3000
11	6000
11	6000
11	3000
11	3000
11	4000
11	4000
11	6000
11	2000
11	12000
11	3000
11	4000
11	3000
11	6000
11	10000
11	9000
11	7000
11	7000
11	18000
11	3000
11	3000
11	6000
11	4000
11	6000
11	7000
11	1000
11	3000
11	5000
11	7000
11	6000
11	3000
11	3000
11	2000
11	1000
11	2000
11	3000
11	2000
11	1000
11	2000
11	3000
11	4000
11	3000
11	3000
11	1000
11	5000
11	3000
11	4000
11	6000
11	4000
11	2000
11	3000
11	4000
11	4000
11	1000
11	2000
11	1000
11	6000
0	2000
0	2000
0	4000
0	2000
0	2000
0	2000
0	3000
0	3000
0	2000
0	2000
0	4000
0	3000
0	2000
0	3000
0	2000
0	6000
0	2000
0	2000
0	2000
0	2000
0	2000
0	3000
0	2000
0	2000
0	2000
0	6000
0	2000
0	4000
0	7000
0	2000
0	2000
0	2000
0	2000
0	2000
0	2000
0	2000
0	2000
0	2000
0	2000
0	3000
0	2000
0	3000
0	3000
0	2000
0	2000
0	2000
0	2000
0	2000
0	3000
0	2000
0	3000
0	2000
0	3000
0	2000
0	2000
0	2000
0	2000
0	4000
0	2000
0	2000
0	2000
0	3000
0	2000
0	2000
0	2000
0	2000
0	2000
0	3000
0	4000
0	2000
0	2000
0	2000
0	2000
0	2000
0	2000
0	2000
0	2000
0	2000
0	2000
0	3000
0	2000
0	2000
0	2000
0	2000
0	2000
0	2000
0	2000
0	2000
0	2000
0	3000
0	2000
0	2000
0	2000
0	2000
0	2000
0	2000
0	3000
0	2000
0	2000
0	2000
0	2000
0	2000
0	2000
0	2000
0	3000
0	2000
0	2000
0	2000
0	2000
0	2000
0	2000
0	3000
0	2000
0	2000
0	2000
0	4000
0	2000
0	2000
0	2000
0	3000
0	2000
0	2000
0	2000
0	4000
0	2000
0	2000
0	2000
0	4000
0	2000
0	2000
0	2000
0	2000
0	2000
0	6000
0	5000
0	2000
0	2000
0	2000
0	2000
0	4000
0	4000
0	2000
0	2000
0	2000
0	2000
0	3000
0	2000
0	2000
0	2000
0	2000
0	3000
0	2000
0	3000
0	3000
0	2000
0	2000
0	2000
0	2000
0	2000
0	2000
0	2000
0	2000
0	2000
0	3000
0	4000
0	2000
0	2000
0	2000
0	2000
0	2000
0	2000
0	2000
0	2000
0	3000
0	3000
0	2000
0	2000
0	2000
0	3000
0	2000
0	2000
0	2000
0	2000
0	3000
0	2000
0	2000
0	2000
0	4000
0	6000
0	3000
0	2000
0	2000
0	3000
0	2000
0	2000
0	2000
0	2000
0	2000
0	2000
0	2000
0	2000
0	2000
0	2000
0	2000
0	3000
0	3000
0	2000
0	2000
0	2000
0	2000
0	2000
0	2000
0	3000
0	2000
0	2000
0	2000
0	2000
0	2000
0	2000
0	4000
0	3000
0	2000
0	1590
7	3000
7	2000
7	4000
7	3000
7	4000
7	8000
7	3000
7	6000
7	3000
7	11000
7	3000
7	2000
7	2000
7	5000
7	8000
7	2000
7	4000
7	3000
7	9000
7	2000
7	3000
7	2000
7	4000
7	8000
7	2000
7	3000
7	2000
7	7000
7	5000
7	10000
7	2000
7	3000
7	4000
7	1000
7	3000
7	13000
7	7000
7	18000
7	3000
7	8000
7	2000
7	4000
7	2000
7	2000
7	11000
7	3000
7	4000
7	4000
7	5000
7	4000
7	1000
7	5000
7	2000
7	8000
7	10000
7	4000
7	9000
7	3000
7	6000
7	3000
7	9000
7	5000
7	2000
7	3000
7	2000
7	3000
7	5000
7	2000
7	6000
7	2000
7	2000
7	2000
7	5000
7	2000
7	3000
7	8000
7	2000
7	4000
7	5000
7	9000
7	2000
7	2000
7	2000
7	4000
7	2000
7	5000
7	2000
7	7000
7	8000
7	2000
7	3000
7	6000
7	3000
7	5000
7	18000
7	13000
7	10000
7	1000
7	1000
7	7000
7	5000
7	13000
7	5000
7	6000
7	2000
7	13000
7	4000
7	3000
7	6000
7	3000
7	2000
7	2000
7	2000
7	14000
7	3000
7	2000
7	5000
7	7000
7	9000
7	1000
7	9000
7	5000
7	2000
7	2000
7	2000
7	2000
7	3000
7	2000
7	13000
7	3000
7	9000
7	4000
7	2000
7	8000
7	3000
7	4000
7	2000
7	3000
7	3000
7	2000
7	2000
7	2000
7	5000
7	3000
7	8000
7	2000
7	2000
7	2000
7	5000
7	4000
7	11000
7	12000
7	3000
7	6000
7	4000
7	11000
7	8000
7	2000
7	56000
7	17000
7	7000
7	14000
7	3000
7	1000
7	2000
7	3000
7	1000
7	5000
7	3000
7	4000
7	3000
7	4000
7	2000
7	3000
7	3000
7	2000
7	1000
7	3000
7	2000
7	2000
7	4000
7	2000
7	3000
7	3000
7	3000
7	6000
7	1000
7	2000
7	4000
7	1000
7	6000
7	2000
7	4000
7	2000
7	2000
7	3000
7	3000
7	5000
7	4000
7	5000
7	4000
7	2000
7	3000
7	5000
7	4000
7	3000
7	4000
7	13000
7	31000
7	5000
7	2000
7	6000
7	3000
7	8000
7	7000
7	3000
7	6000
7	4000
7	8000
7	2000
7	4000
7	3000
7	3000
7	9000
7	3000
7	2000
7	7000
7	5000
7	16000
7	4000
7	5000
7	6000
7	5000
7	2000
7	2000
7	17000
7	3000
7	1000
7	3000
7	2000
7	6000
7	3000
7	7000
7	5000
7	3000
7	1000
7	2000
7	3000
7	4000
7	5000
7	7000
7	2000
7	2000
7	26000
7	4000
7	13000
7	14000
7	51000
7	4000
7	10000
7	5000
7	2000
7	13000
7	17000
7	3000
7	3000
7	8000
7	19000
7	9000
7	12000
7	3000
7	5000
7	2000
7	16000
7	6000
7	2000
7	5000
7	8000
7	2000
7	5000
7	1000
7	2000
7	5000
7	2000
7	2000
7	4000
7	2000
15	5000
15	3000
15	5000
15	2000
15	6000
15	3000
15	3000
15	1000
15	2000
15	3000
15	3000
15	2000
15	3000
15	4000
15	1000
15	8000
15	14000
15	11000
15	6000
15	3000
15	6000
15	2000
15	4000
15	8000
15	3000
15	7000
15	10000
15	3000
15	3000
15	3000
15	6000
15	2000
15	2000
15	2000
15	2000
15	3000
15	4000
15	9000
15	4000
15	2000
15	3000
15	3000
15	10000
15	3000
15	23000
15	14000
15	6000
15	31000
15	5000
15	11000
15	2000
15	6000
15	3000
15	2000
15	2000
15	3000
15	9000
15	3000
15	4000
15	4000
15	12000
15	7000
15	6000
15	4000
15	4000
15	10000
15	3000
15	3000
15	8000
15	2000
15	2000
15	2000
15	2000
15	7000
15	5000
15	2000
15	2000
15	9000
15	7000
15	3000
15	4000
15	3000
15	2000
15	3000
15	1000
15	2000
15	2000
15	2000
15	1000
15	2000
15	6000
15	2000
15	6000
15	4000
15	6000
15	3000
15	3000
15	4000
15	4000
15	2000
15	2000
15	3000
15	5000
15	3000
15	5000
15	6000
15	4000
15	1000
15	2000
15	3000
15	3000
15	3000
15	4000
15	3000
15	3000
15	5000
15	4000
15	7000
15	3000
15	3000
15	2000
15	3000
15	1000
15	3000
15	3000
15	4000
15	5000
15	2000
15	3000
15	3000
15	3000
15	1000
15	2000
15	2000
15	4000
15	2000
15	4000
15	2000
15	1000
15	4000
15	2000
15	2000
15	5000
15	4000
15	2000
15	1000
15	3000
15	2000
15	2000
15	3000
15	2000
15	4000
15	4000
15	2000
15	2000
15	2000
15	2000
15	6000
15	2000
15	2000
15	2000
15	2000
15	4000
15	9000
15	2000
15	4000
15	3000
15	3000
15	5000
15	3000
15	2000
15	6592
15	3000
15	3000
15	3000
15	1000
15	2000
15	11000
15	5000
15	1000
15	2000
15	3000
15	3000
15	4000
15	4000
15	3000
15	4000
15	2000
15	3000
15	3000
15	1000
15	9000
15	3000
15	1000
15	6000
15	4000
15	3000
15	3000
15	5000
15	4000
15	2000
15	4000
15	2000
15	7000
15	2000
15	2000
15	3000
15	2000
15	2000
15	3000
15	2000
15	5000
15	2000
15	1000
15	6000
15	1000
15	2000
15	2000
15	8000
15	2000
15	2000
15	2000
15	3000
15	6000
15	4000
15	4000
15	3000
15	2000
15	5000
15	6000
15	2000
15	6000
15	6000
15	1000
15	3000
15	7000
15	4000
15	2000
15	1000
15	4000
15	3000
15	2000
15	3000
15	2000
15	1000
15	3000
15	2000
15	2000
15	6000
15	4000
15	2000
15	8000
15	4000
15	3000
15	3000
15	3000
15	4000
15	3000
15	2000
15	2000
15	4000
15	1000
15	1000
15	3000
15	2000
15	4000
15	1000
15	3000
15	1000
15	3000
15	5000
15	4000
15	2000
15	3000
15	6000
15	2000
15	10000
15	5000
15	9000
15	2000
15	2000
15	1000
15	4000
15	5000
15	6000
15	2000
15	3000
15	5000
15	5000
15	3000
15	4000
15	2000
15	5000
15	3000
15	3000
15	2000
15	2000
15	2000
15	5000
15	2000
15	2000
15	2000
15	4000
15	3000
15	3000
15	2000
15	6000
15	2000
15	1000
15	3000
15	3000
15	8000
15	3000
15	5000
15	4000
15	2000
15	2000
15	5000
15	3000
15	4000
15	7000
15	2000
15	2000
15	3000
15	2000
15	2000
15	6000
15	1000
15	3000
15	5000
15	3000
15	4000
15	2000
15	4000
15	4000
15	3000
15	2000
15	3000
15	7000
15	3000
15	5000
15	9000
15	11000
15	3000
15	6000
15	3000
15	3000
15	5000
15	4000
15	5000
15	4000
15	17000
15	4000
15	8000
15	9000
15	1000
15	8000
15	3000
15	6000
15	14000
15	5000
15	4000
15	11000
15	7000
15	3000
15	15000
15	4000
15	4000
15	3000
15	7000
15	12000
15	5000
15	3000
15	11000
15	3000
15	1000
15	3000
15	6000
15	6000
15	4000
15	8000
15	8000
15	5000
15	11000
15	5000
15	4000
15	3000
15	4000
15	3000
15	6000
15	2000
15	4000
15	3000
15	7000
15	6000
15	1000
15	5000
15	11000
15	5000
15	21000
15	7000
15	21000
15	10000
15	4000
15	9000
15	14000
15	5000
15	9000
15	3000
15	8000
15	3000
15	12000
15	18000
15	9000
15	4000
15	3000
15	4000
15	12000
15	2000
15	4000
15	2000
15	7000
15	5000
15	13000
15	4000
15	6000
15	8000
15	5000
15	4000
15	2000
15	6000
15	7000
15	11000
15	6000
15	6000
15	2000
15	6000
15	5000
15	6000
15	12000
15	5000
15	1000
15	1000
15	3000
15	2000
15	3000
15	4000
15	3000
15	3000
15	2000
15	2000
15	2000
15	2000
15	2000
15	5000
15	6000
15	2000
15	3000
15	8000
15	4000
15	6000
15	2000
15	4000
15	1000
15	2000
15	4000
15	2000
15	1000
15	7000
15	1000
15	5000
15	5000
15	6000
15	4000
15	2000
15	4000
15	8000
15	2000
15	2000
15	2000
15	12000
15	3000
15	2000
15	5000
15	2000
15	3000
15	3000
15	2000
15	4000
15	4000
15	2000
15	2000
15	1000
15	4000
15	6000
15	1000
15	5000
15	7000
15	3000
15	3000
15	2000
15	2000
15	1000
15	6000
15	4000
15	2000
15	1000
15	4000
15	2000
15	2000
15	3000
15	2000
15	4000
15	8000
15	2000
15	2000
15	1000
15	2000
15	3000
15	3000
15	4000
15	1000
15	9000
15	6000
15	1000
15	4000
15	5000
15	4000
15	2000
15	13000
15	4000
15	1000
15	2000
15	4000
15	3000
15	4000
15	2000
15	2000
15	2000
15	6000
15	5000
15	3000
15	3000
15	9000
15	3000
15	7000
15	13000
15	4000
15	10000
15	3000
15	12000
15	12000
15	3000
15	6000
15	3000
15	3000
15	4000
15	23000
15	4000
15	7000
15	3000
15	2000
15	2000
15	8000
15	4000
15	6000
15	10000
15	10000
15	2000
15	3000
15	12000
15	22000
15	8000
15	5000
15	4000
15	2000
15	4000
15	13000
15	9000
15	4000
15	3000
15	3000
15	4000
15	13000
15	8000
15	6000
15	3000
15	8000
15	3000
15	2000
15	3000
15	3000
15	2000
15	9000
15	6000
15	3000
15	4000
15	18000
15	3000
15	8000
15	2000
15	1000
15	7000
15	6000
15	2000
15	3000
15	5000
15	2000
15	3000
15	4000
15	2000
15	8000
15	2000
15	3000
15	3000
15	3000
15	3000
15	3000
15	3000
15	1000
15	8000
15	3000
15	1000
15	5000
15	6000
15	3000
15	2000
15	3000
15	1000
15	1000
15	3000
15	5000
15	4000
15	4000
15	6000
15	6000
15	3000
15	2000
15	2000
15	3000
15	3000
15	3000
15	7000
15	5000
15	3000
15	3000
15	3000
15	3000
15	8000
15	4000
15	2000
15	3000
15	3000
15	2000
15	4000
15	4000
15	2000
15	1000
15	3000
15	3000
15	5000
15	3000
15	2000
15	2000
15	3000
15	7000
15	2000
15	6000
15	4000
15	3000
15	3000
15	5000
15	2000
15	8000
15	1000
15	2000
15	2000
15	2000
15	4000
15	2000
15	5000
15	3000
15	1000
15	2000
15	1000
15	3000
15	1000
15	2000
15	6000
15	6000
15	5000
15	7000
15	2000
15	4000
15	4000
15	5000
15	3000
15	5000
15	1000
15	6000
15	4000
15	3000
15	2000
15	1000
15	4000
15	3000
15	2000
15	2000
15	11000
15	4000
15	1000
15	3000
15	4000
15	1000
15	5000
15	4000
15	3000
15	2000
15	2000
15	2000
15	5000
15	3000
15	2000
15	5000
15	5000
15	2000
15	3000
15	3000
15	3000
15	2000
15	2000
15	2000
15	1000
15	3000
15	3000
15	3000
15	2000
15	4000
15	3000
15	1000
15	3000
15	2000
15	9000
15	2000
15	2000
15	2000
15	3000
15	2000
15	2000
15	3000
15	2000
15	2000
15	2000
15	4000
15	2000
15	3000
15	3000
15	8000
15	3000
15	6000
15	1000
15	2000
15	2000
15	5000
15	1000
15	5000
15	1000
15	2000
15	2000
15	3000
15	3000
15	4000
15	2000
15	2000
15	1000
15	5000
15	3000
15	2000
15	2000
15	2000
15	3000
15	5000
15	5000
15	2000
15	2000
15	3000
15	1000
15	6000
15	3000
15	2000
15	5000
15	4000
15	1000
15	4000
15	20000
15	12000
15	3000
15	28000
15	6000
15	15000
15	22000
15	3000
15	27000
15	12000
15	11000
15	47000
15	12000
15	12000
15	20000
15	6000
15	13000
15	5000
15	18000
15	4000
15	13000
15	31000
15	22000
15	11000
15	20000
15	10000
15	19000
15	4000
15	19000
15	4000
15	3000
15	3000
15	8000
15	1000
15	4000
15	2000
15	3000
15	5000
15	4000
15	4000
15	4000
15	4000
15	3000
15	3000
15	4000
15	12000
15	1000
15	3000
15	7000
15	2000
15	5000
15	3000
15	2000
15	3000
15	3000
15	3000
15	3000
15	5000
15	2000
15	3000
15	4000
15	2000
15	3000
15	1000
15	3000
15	2000
15	3000
15	1000
15	2000
15	1000
15	10000
15	3000
15	3000
15	3000
15	4000
15	2000
15	4000
15	10000
15	3000
15	2000
15	3000
15	1000
15	10000
15	12000
15	3000
15	4000
15	3000
15	3000
15	4000
15	1000
15	3000
15	2000
15	4000
15	5000
15	2000
15	2000
15	1000
15	5000
15	4000
15	2000
15	3000
15	2000
15	5000
15	4000
15	7000
15	3000
15	2000
15	4000
15	5000
15	3000
15	8000
15	3000
15	2000
15	3000
15	10000
15	4000
15	2000
15	2000
15	3000
15	2000
15	1000
15	3000
15	4000
15	4000
15	4000
15	2000
15	2000
15	9000
15	4000
15	2000
15	2000
15	2000
15	3000
15	1000
15	3000
15	12000
15	4000
15	2000
15	8000
15	4000
15	2000
15	2000
15	2000
15	4000
15	5000
15	2000
15	2000
15	2000
15	5000
15	2000
15	2000
15	5000
15	3000
15	7000
15	2000
15	3000
15	9000
15	7000
15	3000
15	2000
15	2000
15	6000
15	3000
15	3000
15	3000
15	3000
15	5000
15	5000
15	4000
15	3000
15	2000
15	6000
15	4000
15	7000
15	7000
15	4000
15	3000
15	2000
15	4000
15	4000
15	3000
15	4000
15	3000
15	2000
15	2000
15	1000
15	2000
15	6000
15	4000
15	3000
15	11000
15	4000
15	4000
15	6000
15	2000
15	3000
15	4000
15	8000
15	8000
15	3000
15	3000
15	1000
15	2000
15	3000
15	3000
15	3000
15	2000
15	2000
15	10000
15	3000
15	4000
15	1000
15	6000
15	4000
15	2000
15	3000
15	1000
15	4000
15	1000
15	1000
15	2000
15	3000
15	2000
15	4000
15	3000
15	4000
15	1000
15	2000
15	2000
15	2000
15	3000
15	2000
15	3000
15	3000
15	3000
15	6000
15	1000
15	4000
15	4000
15	3000
15	2000
15	2000
15	2000
15	2000
15	3000
15	3000
15	1000
15	7000
15	4000
15	2000
15	5000
15	16000
15	2000
15	6000
15	3000
15	2000
15	3000
15	5000
15	9000
15	6000
15	3000
15	2000
15	3000
15	5000
15	1000
15	4000
15	12000
15	5000
15	1000
15	3000
15	3000
15	6000
15	1000
15	5000
15	7000
15	4000
15	6000
15	11000
15	4000
15	4000
15	5000
15	6000
15	2000
15	4000
15	3000
15	6000
15	6000
15	3000
15	3000
15	2000
15	5000
15	5000
15	4000
15	4000
15	1000
15	6000
15	9000
15	4000
15	3000
15	8000
15	3000
15	10000
15	3000
15	5000
15	2000
15	2000
15	3000
15	5000
15	3000
15	4000
15	2000
15	2000
15	6000
15	4000
15	6000
15	2000
15	6000
15	6000
15	3000
15	4000
15	4000
15	2000
15	2000
15	2000
15	4000
15	5000
15	4000
15	6000
15	6000
15	2000
15	6000
15	7000
15	2000
15	2000
15	4000
15	1000
15	6000
15	6000
15	3000
15	4000
15	4000
15	6000
15	4000
15	6000
15	3000
15	5000
15	2000
15	2000
15	5000
15	2000
15	2000
15	4000
15	4000
15	1000
15	2424
15	1000
15	17000
15	4000
15	3000
15	2000
15	10000
15	2000
15	3000
15	4000
15	2000
15	3000
15	3000
15	6000
15	2000
15	4000
15	2000
15	2000
15	2000
15	2000
15	3000
15	3000
15	3000
15	2000
15	2000
15	1000
15	2000
15	1000
15	3000
15	3000
15	9000
15	6000
15	1000
15	2000
15	2000
15	5000
15	2000
15	3000
15	3000
15	8000
15	7000
15	4000
15	3000
15	2000
15	2000
15	2000
15	2000
15	2000
15	5000
15	4000
15	5000
15	4000
15	7000
15	3000
15	2000
15	1000
15	1000
15	2000
15	8000
15	2000
15	3000
15	3000
15	2000
15	14000
15	5000
15	3000
15	2000
15	2000
15	6000
15	3000
15	3000
15	2000
15	1000
15	3000
15	5000
15	2000
15	2000
15	2000
15	1000
15	4000
15	4000
15	6000
15	2000
15	1000
15	3000
15	1000
15	2000
15	2000
15	9000
15	2000
15	2000
15	2000
15	2000
15	2000
15	1000
15	3000
15	3000
15	3000
15	2000
15	2000
15	3000
15	3000
15	3000
15	3000
15	4000
15	2000
15	6000
15	2000
15	3000
15	2000
15	3000
15	3000
15	2000
15	3000
15	3000
15	6000
15	4000
15	3000
15	2000
15	1000
15	4000
15	5000
15	3000
15	5000
15	3000
15	1000
15	3000
15	4000
15	2000
15	4000
15	2000
15	2000
15	3000
15	3000
15	7000
15	2000
15	2000
15	6000
15	3000
15	2000
15	2000
15	8000
15	2000
15	1000
15	2000
15	2000
15	2000
15	4000
15	2000
15	3000
15	3000
15	2000
15	4000
15	2000
15	2000
15	2000
15	2000
15	2000
15	4000
15	1000
15	2000
15	3000
15	3000
15	2000
15	2000
15	3000
15	2000
15	1000
15	2000
15	1000
15	2000
15	1000
15	4000
15	2000
15	3000
15	2000
15	1000
15	3000
15	2000
15	4000
15	4000
15	3000
15	3000
15	3000
15	4000
15	3000
15	2000
15	3000
15	2000
15	1000
15	1000
15	4000
15	2000
15	4000
15	2000
15	6000
15	3000
15	3000
15	1000
15	2000
15	3000
15	1000
15	5000
15	7000
15	3000
15	2000
15	2000
15	2000
15	3000
15	2000
15	2000
15	1000
15	5000
15	1000
15	8000
15	3000
15	2000
15	6000
15	5000
15	3000
15	3000
15	2000
15	3000
15	4000
15	1000
15	3000
15	4000
15	2000
15	3000
15	3000
15	3000
15	3000
15	3000
15	4000
15	2000
15	2000
15	4000
15	4000
15	2000
15	4000
15	2000
15	6000
15	4000
15	2000
15	3000
15	2000
15	2000
15	2000
15	6000
15	2000
15	2000
15	2000
15	3000
15	4000
15	2000
15	3000
15	4000
15	4000
15	2000
15	5000
15	3000
15	3000
15	3000
15	2000
15	4000
15	2000
15	2000
15	3000
15	3000
15	3000
15	1000
15	1000
15	1000
15	3000
15	45000
15	2000
15	2000
15	5000
15	3000
15	5000
15	5000
15	3000
15	2000
15	3000
15	4000
15	6000
15	9000
15	4000
15	2000
15	3000
15	3000
15	8000
15	2000
15	4000
15	3000
15	2000
15	1000
15	2000
15	1000
15	2000
15	8000
15	7000
15	3000
15	2000
15	6000
15	4000
15	5000
15	3000
15	3000
15	3000
15	3000
15	3000
15	2000
15	1000
15	4000
15	3000
15	2000
15	2000
15	4000
15	4000
15	4000
15	4000
15	5000
15	3000
15	4000
15	4000
15	3000
15	2000
15	3000
15	6000
15	3000
15	11000
15	12000
15	6000
15	4000
15	4000
15	3000
15	3000
15	10000
15	2000
15	2000
15	5000
15	2000
15	4000
15	1000
15	9000
15	2000
15	7000
15	1000
15	6000
15	2000
15	12000
15	6000
15	4000
15	7000
15	4000
15	10000
15	3000
15	2000
15	3000
15	1000
15	3000
15	6000
15	4000
15	3000
15	4000
15	5000
15	3000
15	3000
15	3000
15	7000
15	14000
15	4000
15	4000
15	13000
15	9000
15	4000
15	3000
15	7000
15	4000
15	2000
15	3000
15	3000
15	6000
15	12000
15	3000
15	2000
15	2000
15	12000
15	2000
15	3000
15	4000
15	6000
15	3000
15	1000
15	3000
15	5000
15	3000
15	1000
15	2000
15	3000
15	2000
15	2000
15	2000
15	5000
15	3000
15	3000
15	5000
15	2000
15	3000
15	3000
15	2000
15	4000
15	5000
15	2000
15	3000
15	3000
15	6000
15	3000
15	3000
15	3000
15	3000
15	2000
15	4000
15	2000
15	7000
15	1000
15	2000
15	1000
15	3000
15	1000
15	3000
15	3000
15	6000
15	2000
15	8000
15	4000
15	11000
8	2000
8	3000
8	2000
8	2000
8	2000
8	2000
8	3000
8	2000
8	4000
8	2000
8	2000
8	2000
8	2000
8	2000
8	2000
8	2000
8	2000
8	2000
8	3000
8	3000
8	2000
8	2000
8	2000
8	2000
8	2000
8	2000
8	2000
8	2000
8	2000
8	3000
8	2000
8	2000
8	2000
8	2000
8	2000
8	2000
8	3000
8	2000
8	2000
8	2000
8	2000
8	2000
8	3000
8	3000
8	6000
8	2000
8	2000
8	2000
8	4000
8	2000
8	2000
8	5000
8	6000
8	2000
8	2000
8	2000
8	2000
8	2000
8	4000
8	2000
8	2000
8	2000
8	2000
8	5000
8	2000
8	2000
8	2000
8	2000
8	2000
8	3000
8	3000
8	2000
8	2000
8	2000
8	2000
8	2000
8	2000
8	2000
8	2000
8	3000
8	3000
8	3000
8	2000
8	2000
8	2000
8	2000
8	3000
8	2000
8	2000
8	2000
8	3000
8	2000
8	2000
8	2000
8	3000
8	2000
8	3000
8	2000
8	2000
8	2000
8	2000
8	2000
8	2000
8	3000
8	5000
8	2000
8	2000
8	2000
8	2000
8	2000
8	4000
9	4000
9	2000
9	3000
9	3000
9	2000
9	2000
9	1000
9	10000
9	5000
9	2000
9	9000
9	7000
9	4000
9	4000
9	2000
9	3000
9	3000
9	3000
9	3000
9	2000
9	5000
9	4000
9	6000
9	5000
9	1000
9	4000
9	2000
9	3000
9	3000
9	4000
9	2000
9	3000
9	2000
9	2000
9	2000
9	3000
9	4000
9	2000
9	2000
9	2000
9	4000
9	6000
9	4000
9	5000
9	2000
9	4000
9	3000
9	4000
9	3000
9	2000
9	3000
9	3000
9	2000
9	2000
9	1000
9	2000
9	2000
9	4000
9	3000
9	2000
9	2000
9	4000
9	4000
9	4000
9	4000
9	4000
9	3000
9	2000
9	2000
9	2000
9	2000
9	4000
9	8000
9	10000
9	4000
9	16000
9	2000
9	4000
9	8000
9	2000
9	10000
9	3000
9	3000
9	2000
9	2000
9	10000
9	2000
9	3000
9	2000
9	7000
9	2000
9	3000
9	9000
9	2000
9	10000
9	2000
9	2000
9	5000
9	2000
9	4000
9	2000
9	2000
9	3000
9	2000
9	3000
9	3000
9	2000
9	4000
9	2000
9	3000
9	5000
9	4000
9	5000
9	14000
9	5000
9	2000
9	11000
9	3000
9	4000
9	2000
9	5000
9	6000
9	4000
9	5000
9	3000
9	3000
9	3000
9	3000
9	3000
9	8000
9	8000
9	2000
9	2000
9	3000
9	5000
9	5000
9	6000
9	9000
9	3000
9	2000
9	3000
9	4000
9	10000
9	6000
9	3000
9	3000
9	2000
9	2000
9	5000
9	3000
9	3000
9	3000
9	3000
9	8000
9	5000
9	3000
9	2000
9	24000
9	3000
9	18000
9	2000
9	2000
9	4000
9	7000
9	3000
9	4000
9	2000
9	7000
9	7000
9	11000
9	5000
9	8000
9	14000
9	7000
9	7000
9	2000
9	2000
9	3000
9	4000
9	3000
9	2000
9	5000
9	2000
9	2000
9	4000
9	5000
9	5000
9	6000
9	2000
9	2000
9	4000
9	4000
9	4000
9	3000
9	5000
9	3000
9	3000
9	4000
9	4000
9	1000
9	3000
9	2000
9	3000
9	3000
9	2000
9	4000
9	12000
9	10000
9	5000
9	3000
9	17000
9	5000
9	39000
9	7000
9	15000
9	42000
9	6000
9	24000
9	2000
9	15000
9	2000
9	64000
9	17000
9	11000
9	2000
9	1000
9	5000
9	12000
9	3000
9	6000
9	7000
9	22000
9	16000
9	16000
9	15000
9	21000
9	9000
9	3000
9	22000
9	1000
9	3000
9	2000
9	7000
9	5000
9	4000
9	2000
9	2000
9	2000
9	2000
9	4000
9	2000
9	3000
9	6000
3	3000
3	2000
3	6000
3	2000
3	5000
3	3000
3	2000
3	2000
3	2000
3	5000
3	2000
3	6000
3	6000
3	2000
3	2000
3	3000
3	4000
3	2000
3	2000
3	2000
3	2000
3	2000
3	4000
3	2000
3	2000
3	7000
3	3000
3	9000
3	2000
3	2000
3	2000
3	2000
3	1000
3	1000
3	4000
3	4000
3	2000
3	3000
3	12000
3	3000
3	2000
3	4000
3	1000
3	2000
3	2000
3	2000
3	3000
3	1000
3	3000
3	4000
3	2000
3	2000
3	8000
3	3000
3	2000
3	6000
3	2000
3	2000
3	5000
3	3000
3	13000
3	3000
3	2000
3	3000
3	5000
3	6000
3	7000
3	4000
3	3000
3	6000
3	8000
3	2000
3	5000
3	5000
3	4000
3	4000
3	15000
3	4000
3	3000
3	2000
3	10000
3	4000
3	1000
3	4000
3	3000
3	6000
3	3000
3	2000
3	6000
3	2000
3	11000
3	3000
3	2000
3	4000
3	1000
3	6000
3	4000
3	5000
3	11000
3	4000
3	9000
3	4000
3	5000
3	6000
3	2000
3	3000
3	5000
3	7000
3	5000
3	16000
3	2000
3	5000
3	2000
3	3000
3	3000
3	3000
3	9000
3	9000
3	2000
3	3000
3	5000
3	11000
3	13000
3	6000
3	5000
3	2000
3	3000
3	3000
3	1000
3	5000
3	3000
3	3000
3	4000
3	4000
3	3000
3	3000
3	3000
3	8000
3	2000
3	3000
3	7000
3	5000
3	4000
3	5000
3	3000
3	8000
3	1000
3	2000
3	2000
3	2000
3	4000
3	1000
3	7000
3	4000
3	2000
3	3000
3	9000
3	5000
3	5000
3	9000
3	2000
3	12000
3	2000
3	1000
3	8000
3	2000
3	3000
3	4000
3	6000
3	8000
3	4000
3	3000
3	4000
3	6000
3	7000
3	4000
3	5000
3	1000
3	2000
3	3000
3	5000
3	2000
3	4000
3	2000
3	5000
3	6000
3	5000
3	6000
3	6000
3	7000
3	2000
3	2000
3	2000
3	2000
3	5000
3	3000
3	10000
3	2000
3	4000
3	11000
3	5000
3	3000
3	5000
3	14000
3	1000
3	3000
3	4000
3	7000
3	3000
3	2000
3	3000
3	2000
3	2000
3	2000
3	2000
3	2000
3	2000
3	2000
3	2000
3	3000
3	3000
3	2000
3	8000
3	2000
3	3000
3	7000
3	5000
3	3000
3	4000
3	4000
3	7000
3	4000
3	3000
3	4000
3	3000
3	2000
3	3000
3	1000
3	6000
3	3000
3	2000
3	4000
3	2000
3	2000
3	4000
3	2000
3	1000
3	2000
3	1000
3	3000
3	2000
3	4000
3	3000
3	3000
3	3000
3	2000
3	2000
3	3000
3	3000
3	2000
3	11000
3	8000
3	5000
3	11000
3	3000
3	6000
3	7000
3	5000
3	4000
3	5000
3	18000
3	1000
3	2000
3	2000
3	7000
3	3000
3	5000
3	1000
3	5000
3	2000
3	6000
3	1000
3	5000
3	2000
3	5000
3	7000
3	4000
3	6000
3	1000
3	2000
3	5000
3	2000
3	2000
3	2000
3	2000
3	1000
3	3000
3	3000
3	1000
3	6000
3	2000
3	2000
3	2000
3	3000
3	2000
3	3000
3	3000
3	1999
3	3000
3	2000
3	5000
3	2000
3	4000
3	1000
3	4000
3	2000
3	2000
3	4000
3	5000
3	2000
3	1000
3	2000
3	4000
3	2000
3	2000
3	2000
3	2000
3	2000
3	2000
3	4000
3	3000
3	5000
3	2000
3	2000
3	2000
3	2000
3	2000
3	3000
3	4000
3	3000
3	9000
3	8000
3	4000
3	4000
3	2000
3	2000
3	3000
3	2000
3	2000
3	2000
3	2000
3	1000
3	6000
3	2000
3	3000
3	2000
3	3000
3	8000
3	4000
3	3000
3	2000
3	4000
3	2000
3	6000
3	1000
3	5000
3	3000
3	3000
3	2000
3	2000
3	2000
3	2000
3	2000
3	3000
3	4000
3	3000
3	2000
3	4000
3	2000
3	3000
3	1000
3	2000
3	2000
3	4000
3	3000
3	3000
3	3000
3	4000
3	876
3	4000
3	3000
3	4000
3	3000
3	4000
3	4000
3	3000
3	3000
3	2000
3	2000
3	4000
3	1000
3	3000
3	3000
3	2000
3	1000
3	3000
3	3000
3	4000
3	2000
3	1000
3	7000
3	2000
3	2000
3	14000
3	5000
3	2000
3	2000
3	3000
3	4000
3	4000
3	2000
3	3000
3	2000
3	2000
3	2000
3	2000
3	4000
3	1000
3	2000
3	2000
3	4000
3	4000
3	3000
3	2000
3	3000
3	4000
3	1000
3	2000
3	2000
3	2000
3	4000
3	2000
3	2000
3	2000
3	3000
3	2000
3	1000
3	3000
3	4000
3	7000
3	2000
3	2000
3	4000
3	1064
3	2000
3	6000
3	2000
3	5000
3	1000
3	6000
3	3000
3	8000
3	4000
3	3000
3	2000
3	6000
3	1000
3	1000
3	2000
3	1000
3	5000
3	2000
3	2000
3	4000
3	6000
3	4000
3	3000
3	6000
3	2000
3	4000
3	2000
3	7000
3	4000
3	2000
3	2000
3	3000
3	2000
3	4000
3	3000
3	1000
3	2000
3	2000
3	2000
3	2000
3	3000
3	8000
3	3000
3	4000
3	5000
3	1000
3	2000
3	3000
3	3000
3	1000
3	1000
3	4000
3	7000
3	4000
3	4000
3	5000
3	3000
3	2000
3	2000
3	3000
3	4000
3	3000
3	1000
3	4000
3	4000
3	2000
3	3000
3	5000
3	4000
3	2000
3	3000
3	5000
3	2000
3	5000
3	5000
3	2000
3	6000
3	2000
3	2000
3	2000
3	4000
3	1986
3	1000
3	2000
3	2000
3	2000
3	1000
3	7000
3	2000
3	1000
3	3000
3	2000
3	2000
3	6000
3	9000
3	2000
3	2000
3	2000
3	3000
3	3000
3	6000
3	2000
3	6000
3	1000
3	2000
3	3000
3	2000
3	2000
3	3000
3	2000
3	3000
3	4000
3	2000
3	1000
3	2000
3	8000
3	3000
3	3000
3	2000
3	2000
3	3000
3	5000
3	3000
3	4000
3	2000
3	2000
3	3000
3	2000
3	2000
3	3000
3	1000
3	2000
3	3000
3	3000
3	9000
3	4000
3	1000
3	1000
3	3000
3	1000
3	3000
3	1000
3	4000
3	5000
3	2000
3	1000
3	1000
3	6000
3	2000
3	2000
3	3000
3	3000
3	5000
3	4000
3	3000
3	2000
3	2000
3	4000
3	2000
3	5000
3	10000
3	12000
3	6000
3	2000
3	10000
3	1000
3	2000
3	2000
3	1000
3	3000
3	3000
3	1000
3	2000
3	2000
3	3000
3	7000
3	4000
3	3000
3	4000
3	4000
3	2000
3	2000
3	4000
3	2000
3	1000
3	2000
3	4000
3	2000
3	2000
3	4000
3	2000
3	3000
3	4000
3	1000
3	2000
3	3000
3	5000
3	1000
3	2000
3	2000
3	3000
3	3000
3	2000
3	2000
3	3000
3	6000
3	2000
3	2000
3	2000
3	3000
3	4000
3	5000
3	9000
3	8000
3	4000
3	11000
3	2000
3	4000
3	2000
3	6000
3	8000
3	6000
3	2000
3	2000
3	5000
3	1000
3	2000
3	2000
3	3000
3	5000
3	14000
3	3000
3	3000
3	2000
3	3000
3	6000
3	7000
3	5000
3	3000
3	2000
3	4000
3	3000
3	2000
3	3000
3	3000
3	4000
3	2000
3	3000
3	2000
3	2000
3	3000
3	2000
3	3000
3	2000
3	3000
3	2000
3	5000
3	6000
3	2000
3	3000
3	7000
3	7000
3	3000
3	2000
3	4000
3	5000
3	2000
3	5000
3	10000
3	2000
3	15000
3	4000
3	2000
3	3000
3	4000
3	2000
3	3000
3	4000
3	4000
3	4000
3	9000
3	11000
3	5000
3	1000
3	3000
3	9000
3	6000
3	4000
3	2000
3	2000
3	4000
3	2000
3	1000
3	1000
3	5000
3	4000
3	4000
3	2000
3	6000
3	7000
3	3000
3	14000
3	29000
3	3000
3	1000
3	4000
3	3000
3	2000
3	5000
3	2000
3	7000
3	2000
3	1000
3	9000
3	2000
3	3000
3	1000
3	2000
3	3000
3	2000
3	2000
3	4000
3	2000
3	2000
3	2000
3	3000
3	2000
3	3000
3	7000
3	3000
3	3000
3	6000
3	7000
3	2000
3	2000
3	3000
3	2000
3	3000
3	2000
3	3000
3	4000
3	3000
3	6000
3	2000
3	2000
3	2000
3	3000
3	2000
3	4000
3	2000
3	2000
3	4000
3	2000
3	2000
3	3000
3	9000
3	4000
3	2000
3	6000
3	3000
3	2000
3	6000
3	1000
3	3000
3	2000
3	5000
3	2000
3	6000
3	3000
3	5000
3	2000
3	4000
3	7000
3	7000
3	3000
3	10000
3	9000
3	5000
3	3000
3	3000
3	3000
3	3000
3	2000
3	2000
3	2000
3	6000
3	9000
3	2000
3	3000
3	2000
3	3000
3	2000
3	2000
3	7000
3	6000
3	4000
3	2000
3	4000
3	4000
3	2000
3	4000
3	3000
3	10000
3	9000
3	2000
3	2000
3	3000
3	2000
3	2000
3	3000
3	2197
3	2000
3	4000
3	2000
3	4000
3	2000
3	2000
3	4000
3	5000
3	3000
3	3000
3	3000
3	3000
3	5000
3	4000
3	3000
3	5000
3	3000
3	1000
3	9000
3	4000
3	3000
3	2000
3	3000
3	2000
3	1000
3	8000
3	24000
3	18000
3	4000
3	7000
3	6000
3	3000
3	4000
3	2000
3	2000
3	3000
3	3000
3	2000
3	4000
3	3000
3	2000
3	1000
3	2000
3	3000
3	4000
3	4000
3	5000
3	4000
3	2000
3	5000
3	2000
3	1000
3	3000
3	1000
3	6000
3	3000
3	3000
3	10000
3	2000
3	2000
3	5000
3	2000
3	2000
3	2000
3	6000
3	2000
3	2000
3	2000
3	3000
3	3000
3	2000
3	3000
1	6000
1	2000
1	3000
1	7000
1	2000
1	4000
1	9000
1	2000
1	2000
1	3000
1	4000
1	3000
1	8000
1	5000
1	27000
1	6000
1	3000
1	4000
1	3000
1	3000
1	14000
1	5000
1	3000
1	8000
1	3000
1	3000
1	13000
1	6000
1	12000
1	8000
1	6000
1	2000
1	1000
1	21000
1	9000
1	2000
1	5000
1	8000
1	9000
1	1000
1	6000
1	2000
1	3000
1	22000
1	7000
1	5000
1	2000
1	2000
1	3000
1	6000
1	8000
1	1000
1	5000
1	2000
1	1000
1	2000
1	3000
1	1000
1	4000
1	3000
1	4000
1	6000
1	9000
1	9000
1	4000
1	1000
1	4000
1	6000
1	2000
1	6000
1	2000
1	2000
1	1000
1	9000
1	2000
1	3000
1	2000
1	2000
1	4000
1	4000
1	1000
1	3000
1	2000
1	1000
1	3000
1	3000
1	7000
1	1000
1	2000
1	3000
1	2000
1	2000
1	2000
1	2000
1	9000
1	2000
1	3000
1	7000
1	3000
1	5000
1	4000
1	3000
1	3000
1	7000
1	3000
1	2000
1	3000
1	3000
1	6000
1	3000
1	7000
1	2000
1	2000
1	4000
1	2000
1	3000
1	3000
1	2000
1	2000
1	1000
1	9000
1	4000
1	2000
1	2000
1	3000
1	3000
1	4000
1	3000
1	5000
1	2000
1	2000
1	2000
1	3000
1	4000
1	6000
1	6000
1	3000
1	5000
1	2000
1	7000
1	1000
1	6000
1	4000
1	8000
1	6000
1	5000
1	4000
1	4000
1	2000
1	2000
1	4000
1	9000
1	6000
1	6000
1	1000
1	3000
1	2000
1	3000
1	2000
1	11000
1	3000
1	4000
1	5000
1	1000
1	2000
1	2000
1	5000
1	2000
1	3000
1	1000
1	3000
1	3000
1	3000
1	3000
1	3000
1	9000
1	4000
1	1000
1	2000
1	8000
1	8000
1	3000
1	9000
1	2000
1	1000
1	2000
1	2000
1	2000
1	2000
1	2000
1	1000
1	1000
1	2000
1	2000
1	4000
1	3000
1	4000
1	4000
1	6000
1	2000
1	3000
1	2000
1	2000
1	2000
1	5000
1	3000
1	3000
1	2000
1	2000
1	2000
1	3000
1	2000
1	4000
1	2000
1	2000
1	2000
1	3000
1	3000
1	8000
1	3000
1	2000
1	6000
1	8000
1	2000
1	8000
1	2000
1	3000
1	2000
1	2000
1	4000
1	2000
1	7000
1	4000
1	9000
1	11000
1	6000
1	4000
1	10000
1	2000
1	5000
1	13000
1	11000
1	2000
1	8000
1	3000
1	4000
1	4000
1	3000
1	2000
1	3000
1	5000
1	5000
1	2000
1	5000
1	4000
1	2000
1	6000
1	2000
1	3000
1	4000
1	5000
1	7000
1	2000
1	2000
1	3000
1	5000
1	2000
1	3000
1	3000
1	5000
1	21000
1	3000
1	2000
1	3000
1	3000
1	3000
1	1000
1	2000
1	3000
1	3000
1	2000
1	4000
1	2000
1	5000
1	2000
1	7000
1	4000
1	4000
1	8000
1	4000
1	5000
1	2000
1	1000
1	2000
1	2000
1	1000
1	7000
1	2000
1	3000
1	1000
1	4000
1	8000
1	3000
1	1000
1	2000
1	6000
1	2000
1	2000
1	2000
1	2000
1	5000
1	2000
1	1000
1	3000
1	4000
1	2000
1	3000
1	2000
1	5000
1	3000
1	2000
1	2000
1	2000
1	1000
1	2000
1	3000
1	3000
1	2000
1	3000
1	2000
1	4000
1	2000
1	3000
1	4000
1	4000
1	8000
1	2000
1	4000
1	10000
1	1000
1	1000
1	3000
1	5000
1	2000
1	4000
1	5000
1	2000
1	7000
1	6000
1	2000
1	4000
1	3000
1	3000
1	4000
1	3000
1	2000
1	8000
1	3000
1	7000
1	3000
1	2000
1	6000
1	8000
1	10000
1	3000
1	3000
1	8000
1	7000
1	8000
1	2000
1	1000
1	5000
1	2000
1	3000
1	6000
1	3000
1	5000
1	8000
1	3000
1	4000
1	5000
1	4000
1	3000
1	4000
1	9000
1	5000
1	2000
1	5000
1	2000
1	20000
1	3000
1	3000
1	3000
1	1000
1	2000
1	4000
1	2000
1	2000
1	3000
1	4000
1	3000
1	4000
1	6000
1	2000
1	4000
1	3000
1	4000
1	2000
1	3000
1	1000
1	2000
1	4000
1	3000
1	2000
1	3000
1	3000
1	9000
1	4000
1	2000
1	3000
1	8000
1	7000
1	3000
1	6000
1	4000
1	3000
1	3000
1	3000
1	7000
1	1000
1	17000
1	9000
1	4000
1	3000
1	7000
1	11000
1	6000
1	1000
1	3000
1	3000
1	5000
1	3000
1	3000
1	6000
1	2000
1	7000
1	4000
1	2000
1	9000
1	8000
1	8000
1	3000
1	2000
1	15000
1	1000
1	6000
1	3000
1	9000
1	5000
1	3000
1	2000
1	6000
1	6000
1	4000
1	2000
1	3000
1	4000
1	6000
1	2000
1	6000
1	3000
1	4000
1	2000
1	14000
1	1000
1	5000
1	3000
1	4000
1	2000
1	2000
1	3000
1	3000
1	4000
1	2000
1	4000
1	3000
1	5000
1	11000
1	3000
1	3000
1	4000
1	4000
1	3000
1	7000
1	14000
1	2000
1	4000
1	4000
1	1000
1	6000
1	4000
1	8000
1	1000
1	6000
1	6000
1	4000
1	1000
1	5000
1	3000
1	1000
1	3000
1	3000
1	8000
1	3000
1	3000
1	3000
1	8000
1	3000
1	2000
1	3000
1	7000
1	2000
1	4000
1	3000
1	8000
1	11000
1	9000
1	2000
1	3000
1	3000
1	4000
1	2000
1	2000
1	6000
1	5000
1	3000
1	2000
1	3000
1	9000
1	5000
1	3000
1	6000
1	3000
1	1000
1	3000
1	3000
1	9000
1	4000
1	5000
1	2000
1	7000
1	6000
1	3000
1	6000
1	3000
1	2000
1	5000
1	2000
1	6000
1	3000
1	2000
1	2000
1	2000
1	3000
1	1000
1	3000
1	7000
1	11000
1	5000
1	6000
1	12000
1	3000
1	9000
1	7000
1	3000
1	2000
1	1000
1	3000
1	2000
1	2000
1	2000
1	5000
1	4000
1	2000
1	2000
1	3000
1	2000
1	11000
1	4000
1	3000
1	4000
1	2000
1	2000
1	3000
1	3000
1	2000
1	2000
1	1000
1	1000
1	2000
1	3000
1	2000
1	3000
1	3000
1	7000
1	4000
1	2000
1	2000
1	2000
1	1000
1	2000
1	1000
1	2000
1	2000
1	2000
1	2000
1	3000
1	4000
1	2000
1	3000
1	3000
1	3000
1	3000
1	3000
1	8000
1	1000
1	4000
1	6000
1	2000
1	8000
1	1000
1	3000
1	8000
1	8000
1	1000
1	2000
1	17000
1	8000
1	3000
1	2000
1	2000
1	7000
1	4000
1	7000
1	2000
1	5000
1	3000
1	2000
1	3000
1	6000
1	6000
1	2000
1	15000
1	3000
1	3000
1	9000
1	3000
1	21000
1	2000
1	6000
1	2000
1	7000
1	6000
1	3000
1	2000
1	2000
1	14000
1	6000
1	3000
1	2000
1	6000
1	16000
1	6000
1	2000
1	22000
1	3000
1	7000
1	7000
1	8000
1	5000
1	3000
1	2000
1	16000
1	1000
1	3000
1	12000
1	2000
1	4000
1	7000
1	5000
1	8000
1	3000
1	5000
1	5000
1	2000
1	9000
1	4000
1	4000
1	3000
1	3000
1	5000
1	3000
1	5000
1	6000
1	1000
1	3000
1	2000
1	1000
1	7000
1	3000
1	5000
1	2000
1	2000
1	3000
1	14000
1	3000
1	2000
1	7000
1	2000
1	4000
1	3000
1	5000
1	3000
1	12000
1	6000
1	15000
1	3000
1	8000
1	3000
1	3000
1	5000
1	14000
1	2000
1	4000
1	4000
1	7000
1	2000
1	5000
1	6000
1	3000
1	2000
1	2000
1	6000
1	3000
1	1000
1	3000
1	4000
1	6000
1	4000
1	2000
1	2000
1	8000
1	7000
1	2000
1	5000
1	4000
1	3000
1	2000
1	2000
1	3000
1	3000
1	4000
1	4000
1	5000
1	2000
1	2000
1	4000
1	5000
1	2000
1	3000
1	3000
1	3000
1	3000
1	2000
1	5000
1	2000
1	4000
1	2000
1	6000
1	3000
1	1000
1	2000
1	2000
1	4000
1	6000
1	2000
1	2000
1	2000
1	5000
1	3000
1	3000
1	4000
1	3000
1	3000
1	4000
1	2000
1	2000
1	2000
1	10000
1	2000
1	4000
1	8000
1	2000
1	3000
1	5000
1	2000
1	2000
1	3000
1	3000
1	5000
1	3000
1	9000
1	4000
1	2000
1	2000
1	2000
1	3000
1	1000
1	4000
1	5000
1	3000
1	3000
1	2000
1	4000
1	9000
1	2000
1	3000
1	4000
1	2000
1	9000
1	3000
1	12000
1	10000
1	6000
1	3000
1	6000
1	7000
1	2000
1	2000
1	2000
1	4000
1	4000
1	2000
1	3000
1	2000
1	2000
1	3000
1	2000
1	1000
1	6000
1	2000
1	2000
1	2000
1	2000
1	3000
1	2000
1	4000
1	2000
1	2000
1	8000
1	2000
1	5000
1	4000
1	1000
1	1000
1	5000
1	3000
1	3000
1	3000
1	3000
1	2000
1	7000
1	3000
1	4000
1	3000
1	1000
1	6000
1	5000
1	2000
1	2000
1	4000
1	3000
1	3000
1	2000
1	2000
1	3000
1	2000
1	3000
1	1000
1	3000
1	2000
1	3000
1	3000
1	2000
1	2000
1	4000
1	2000
1	2000
1	2000
1	3000
1	9000
1	3000
1	2000
1	9000
1	2000
1	2000
1	3000
1	2000
1	14000
1	3000
1	2000
1	4000
1	5000
1	5000
1	2000
1	7000
1	2000
1	2000
1	2000
1	3000
1	4000
1	3000
1	3000
1	3000
1	2000
1	5000
1	3000
1	6000
1	4000
1	3000
1	12000
1	4000
1	1000
1	7000
1	4000
1	3000
1	2000
1	3000
1	2000
1	3000
1	2000
1	2000
1	2000
1	6000
1	3000
1	2000
1	2000
1	7000
1	2000
1	3000
1	8000
1	2000
1	4000
1	4000
1	5000
1	2000
1	6000
1	3000
1	2000
1	3000
1	3000
1	3000
1	2000
1	3000
1	3000
1	2000
1	4000
1	2000
1	5000
1	2000
1	2000
1	2000
1	2000
1	5000
1	5000
1	4000
1	2000
1	2000
1	6000
1	3000
1	2000
1	9000
1	1000
1	4000
1	2000
1	4000
1	2000
1	3000
1	2000
1	2000
1	5000
1	3000
1	4000
1	3000
1	2000
1	2000
1	3000
1	3000
1	2426
1	3000
1	4000
1	5000
1	2000
1	7000
1	3000
1	2000
1	4000
1	4000
1	2000
1	5000
1	9000
1	2000
1	6000
1	3000
1	5000
1	4000
1	2000
1	4000
1	2000
1	1000
1	2000
1	2000
1	3000
1	2000
1	2000
1	2000
1	2000
1	3000
1	4000
1	5000
1	3000
1	10000
1	2000
1	3000
1	5000
1	7000
1	3000
1	1000
1	2000
1	2000
1	4000
1	1000
1	5000
1	3000
1	2000
1	3000
1	3000
1	4000
1	3000
1	2000
1	11000
1	2000
1	3000
1	9000
1	19000
1	7000
1	2000
1	6000
1	5000
1	18000
1	3000
1	2000
1	7000
1	6000
1	3000
1	5000
1	3000
1	8000
1	11000
1	4000
1	4000
1	8000
1	5000
1	2000
1	3000
1	4000
1	2000
1	3000
1	3000
1	6000
1	6000
1	15000
1	7000
1	5000
1	7000
1	7000
1	4000
1	3000
1	5000
1	3000
1	5000
1	2000
10	2000
10	2000
10	3000
10	10000
10	2000
10	2000
10	1000
10	3000
10	3000
10	2000
10	2000
10	2000
10	3000
10	3000
10	2000
10	5000
10	2000
10	4000
10	2000
10	2000
10	2000
10	2000
10	2000
10	2000
10	3000
10	2000
10	2000
10	2000
10	3000
10	3000
10	2000
10	6000
10	3000
10	2000
10	2000
10	2000
10	2000
10	3000
10	2000
10	12000
10	14000
10	12000
10	10000
10	3000
10	2000
10	12000
10	3000
10	2000
10	2000
10	3000
10	2000
10	2000
10	2000
10	4000
10	2000
10	2000
10	2000
10	2000
10	5000
10	2000
10	2000
2	3000
2	2000
2	6000
2	6000
2	2000
2	6000
2	100000
2	2000
2	4000
2	3000
2	3000
2	2000
2	3000
2	5000
2	4000
2	5000
2	5000
2	5000
2	6000
2	2000
2	6000
2	2000
2	5000
2	5000
2	2000
2	3000
2	3000
2	5000
2	2000
2	5000
2	3000
2	50000
2	2000
2	3000
2	2000
2	2000
2	6000
2	2000
2	3000
2	2000
2	3000
2	2000
2	3000
2	5000
2	1000
2	4000
2	2000
2	4000
2	6000
2	5000
2	7000
2	6000
2	3000
2	2000
2	6000
2	2000
2	3000
2	2000
2	2000
2	6000
2	2000
2	4000
2	3000
2	3000
2	4000
2	4000
2	5000
2	3000
2	5000
2	3000
2	2000
2	2000
2	5000
2	2000
2	5000
2	3000
2	7000
2	6000
2	3000
2	3000
2	6000
2	122000
2	2000
2	3000
2	2000
2	7000
2	1000
2	5000
2	5000
2	5000
2	6000
2	18000
2	22000
2	2000
2	4000
2	2000
2	20000
2	9000
2	21000
2	79000
2	3000
2	5000
2	2000
2	6000
2	5000
2	3000
2	4000
2	3000
2	2000
2	2000
2	6000
2	8000
2	12000
2	3000
2	6000
2	7000
2	4000
2	3000
2	3000
2	1000
2	3000
2	2000
2	2000
2	5000
2	5000
2	2000
2	3000
2	2000
2	4000
2	6000
2	2000
2	4000
2	6000
2	9000
2	10000
2	13000
2	4000
2	2000
2	6000
2	2000
2	3000
2	3000
2	2000
2	3000
2	5000
2	5000
2	3000
2	6000
2	4000
2	4000
2	2000
2	5000
2	2000
2	4000
2	6000
2	5000
2	7000
2	3000
2	5000
2	3000
2	2000
2	4000
2	2000
2	4000
2	35000
2	2000
2	43000
2	4000
2	4000
2	150000
2	10000
2	10000
2	4000
