label	length
0	2000
0	4000
0	3000
0	4000
0	2000
0	4000
0	2000
0	3000
0	2000
0	4000
0	2000
0	6000
0	3000
0	2000
0	7000
0	2000
0	4000
0	3000
0	2000
0	3000
0	2000
0	2000
0	2000
0	2000
0	4000
0	3000
0	4000
0	2000
0	3000
0	6000
0	3000
0	6000
0	2000
0	5000
0	7000
0	7000
0	3000
0	2000
0	3000
0	5000
0	3000
0	2000
0	2000
0	2000
0	2000
0	3000
0	3000
0	2000
0	6000
0	4000
0	2000
0	9000
0	3000
0	10000
0	6000
0	6000
0	4000
0	3000
0	5000
0	6000
0	2000
0	3000
0	3000
0	3000
0	3000
0	4000
0	2000
0	5000
0	2000
0	23000
0	2000
0	2000
0	4000
0	5000
0	8000
0	3000
0	2000
0	2000
0	3000
0	7000
0	23000
0	3000
0	3000
0	5000
0	2000
0	2000
0	11000
0	3000
0	4000
0	2000
0	2000
0	5000
0	12000
0	5000
0	2000
0	2000
0	7000
0	2000
0	2000
0	11000
0	3000
0	7000
0	2000
0	16000
0	2000
0	3000
0	2000
0	2000
0	4000
0	5000
0	2000
0	9000
0	4000
0	3000
0	3000
0	2000
0	3000
1	2000
1	2000
1	21000
1	7000
1	3000
1	3000
1	2000
1	2000
1	26000
1	5000
1	2000
1	2000
1	15000
1	2000
1	2000
1	6000
1	10000
1	5000
1	2000
1	2000
1	2000
1	2000
1	2000
1	2000
1	4000
1	2000
1	2000
1	3000
1	2000
1	3000
1	2000
1	4000
1	2000
1	3000
1	17000
1	8000
1	6000
1	4000
1	18000
1	4000
1	6000
1	2000
1	3000
1	12000
1	8000
1	4000
1	3000
1	5000
1	6000
1	8000
1	3000
1	2000
1	3000
1	3000
1	2000
1	6000
1	5000
1	3000
1	2000
1	5000
1	2000
1	2000
1	2000
1	4000
1	3000
1	2000
1	7000
1	4000
1	4000
1	8000
1	33000
1	30000
1	2000
1	7000
1	5000
1	2000
1	22000
1	3000
1	2000
1	5000
1	3000
1	2000
1	4000
1	2000
1	5000
1	2000
1	8000
1	4000
1	2000
1	2000
1	2000
1	2000
1	22000
1	2000
1	4000
1	3000
1	17000
1	21000
1	8000
1	4000
1	14000
1	2000
1	7000
1	5000
1	3000
1	2000
1	2000
1	2000
1	7000
1	2000
1	2000
1	2000
1	2000
1	5000
1	3000
1	8000
1	24000
1	2000
1	25000
1	6000
1	13000
1	2000
1	6000
1	2000
1	2000
1	2000
1	10000
1	4000
1	3000
1	6000
1	3000
1	9000
1	2000
1	4000
1	13000
1	23000
1	4000
1	4000
1	6000
1	16000
1	4000
1	2000
1	3000
1	2000
1	4000
1	5000
1	3000
1	3000
1	2000
1	3000
1	7000
1	8000
1	3000
1	2000
1	24000
1	10000
1	2000
1	7000
1	5000
1	2000
1	1000
1	5000
1	2000
1	46000
1	25000
1	3000
1	4000
1	2000
1	7000
1	19000
1	8000
1	3000
1	2000
1	3000
1	3000
1	7000
1	3000
1	2000
1	2000
1	2000
1	3000
1	4000
1	7000
1	1000
1	3000
1	8000
1	4000
1	4000
1	4000
1	3000
6	2000
6	18000
6	31000
6	9000
6	34000
6	5000
6	27000
6	8000
6	3000
6	10000
6	3000
6	5000
6	7000
6	10000
6	5000
6	4000
6	3000
6	2000
6	11000
6	12000
6	2000
6	8000
6	10000
6	12000
6	14000
6	5000
6	2000
6	3000
6	3000
6	14000
6	5000
6	28000
6	7000
6	9000
6	43000
6	13000
6	10000
6	23000
6	3000
6	24000
6	19000
6	10000
6	18000
6	19000
6	13000
6	8000
6	8000
6	2000
6	2000
6	9000
6	13000
6	9000
6	12000
6	49000
6	21000
6	18000
6	6000
6	7000
6	51000
6	4000
6	43000
6	36000
6	3000
6	3000
6	8000
6	3000
6	4000
6	31000
6	4000
6	3000
6	2000
6	2000
6	3000
6	3000
6	4000
6	9000
6	5000
6	2000
6	25000
6	17000
6	4000
6	9000
6	17000
6	12000
6	4000
6	2000
6	7000
6	10000
6	6000
6	14000
6	24000
6	9000
6	8000
6	5000
6	3000
6	30000
6	22000
6	2000
6	13000
6	4000
6	5000
6	13000
6	2000
6	3000
6	6000
6	2000
6	3000
6	3000
6	8000
6	2000
6	6000
6	7000
6	6000
6	2000
6	4000
6	4000
6	8000
6	13000
6	18000
6	8000
6	5000
6	3000
6	24000
6	14000
6	38000
6	27000
6	4000
6	21000
6	16000
6	14000
6	4000
6	2000
6	6000
6	9000
6	4000
6	3000
6	2000
6	6000
6	2000
6	3000
6	3000
6	7000
6	58000
6	32000
6	3000
6	3000
6	4000
6	2000
6	16000
6	69000
6	4000
6	7000
6	6000
6	9000
6	4000
6	25000
6	3000
6	2000
6	2000
6	2000
6	2000
6	2000
6	3000
6	5000
6	22000
6	8000
6	39000
6	4000
6	10000
6	2000
6	2000
6	18000
6	32000
6	3000
6	2000
6	9000
6	23000
6	8000
6	7000
6	6000
6	3000
6	3000
6	4000
6	3000
6	2000
6	2000
6	2000
6	6000
6	16000
6	5000
6	3000
6	2000
6	11000
6	6000
6	6000
6	7000
6	23000
6	9000
6	3000
6	2000
6	10000
6	3000
6	2000
6	4000
6	3000
6	5000
6	6000
6	5000
6	2000
6	3000
6	2000
6	3000
6	5000
6	8000
6	5000
6	2000
6	2000
6	2000
6	17000
6	35000
6	5000
6	2000
6	2000
6	4000
6	2000
6	9000
6	3000
6	2000
6	4000
6	24000
6	68000
6	5000
6	13000
6	3000
6	4000
6	3000
6	3000
6	4000
6	6000
6	10000
6	6000
6	7000
6	2000
6	18000
6	17000
6	10000
6	5000
6	5000
6	2000
6	11000
6	2000
6	5000
6	2000
6	13000
6	17000
6	2000
6	22000
6	6000
6	3000
6	2000
6	5000
6	4000
6	16000
6	2000
6	4000
5	4000
5	2000
5	4000
5	3000
5	1000
5	6000
5	7000
5	4000
5	2000
5	4000
5	1000
5	2000
5	1000
5	3000
5	2000
5	2000
5	6000
5	3000
5	5000
5	3000
5	2000
5	1000
5	2000
5	1000
5	4000
5	2000
5	1000
5	1000
5	3000
5	1000
5	1000
5	2000
5	1000
5	1000
5	3000
5	2000
5	3000
5	3000
5	1000
5	2000
5	3000
5	8000
5	2000
5	1000
5	5048
5	1000
5	4000
5	2000
5	2000
5	2000
5	2000
5	3000
5	2000
5	2000
5	1000
5	1000
5	2000
5	3000
5	3000
5	2000
5	1000
5	2000
5	9000
5	1000
5	1000
5	3000
5	4000
5	4000
5	2000
5	2000
5	2000
5	9000
5	4000
5	4000
5	5000
5	2000
5	7000
5	3000
5	4000
5	3000
5	2000
5	1000
5	2000
5	2000
5	2000
5	2000
5	4000
5	2000
5	3000
5	1000
5	5000
5	1000
5	2000
5	3000
5	2000
5	1000
5	2000
5	3000
5	2000
5	4000
5	4000
5	5000
5	3000
5	5000
5	2000
5	1000
5	2000
5	6000
5	3000
5	3000
5	1000
5	5000
5	4000
5	2000
5	2000
5	3000
5	14000
5	4000
5	7000
5	2000
5	5000
5	3000
5	4000
5	4000
5	10000
5	7000
5	12000
5	12000
5	9000
5	3000
5	3000
5	2000
5	1000
5	2000
5	3000
5	2000
5	3000
5	2000
5	2000
5	8000
5	6000
5	3000
5	3000
5	3000
5	2000
5	2000
5	2000
5	4000
5	2000
5	2000
5	1000
5	4000
5	2000
5	2000
5	2000
5	2000
5	2000
5	2000
5	4000
5	3000
5	3000
5	6000
5	2000
5	8000
5	2000
5	2000
5	3000
5	2000
5	2000
5	9000
5	2000
5	10000
5	3000
5	5000
5	3000
5	3000
5	5000
5	4000
5	3000
5	3000
5	2000
5	3000
5	4000
5	2000
5	2000
5	4000
5	12000
5	1000
5	7000
5	3000
5	3000
5	2000
5	4000
5	7000
5	5000
5	1000
5	2000
5	4000
5	2000
5	1000
5	2000
5	2000
5	4000
5	2000
5	4000
5	2000
5	2000
5	3000
5	2000
5	2000
5	2000
5	3000
5	2000
5	2000
5	2000
5	2000
5	3000
5	5000
5	6000
5	1000
5	2000
5	1000
5	8000
5	1000
5	4000
5	4000
5	3000
5	5000
5	2000
5	2000
5	5000
5	2000
5	3000
5	5000
5	1000
5	5000
5	5000
5	4000
5	2000
5	3000
5	4000
5	4000
5	4000
5	3000
5	3000
5	1000
5	2000
5	1000
5	1000
5	3000
5	1000
5	2000
5	3000
5	3000
5	3000
5	4000
5	3000
5	2000
5	2000
5	5000
5	2000
5	3000
5	1000
5	3000
5	1000
5	2000
5	2000
5	4000
5	1000
5	1000
5	4000
5	1000
5	1000
5	2000
5	3000
5	3000
5	6000
5	2000
5	3000
5	3000
5	4000
5	3000
5	6000
5	1000
5	5000
5	2000
5	2000
5	2000
5	2000
5	3000
5	2000
5	5000
5	4000
5	4000
5	2000
5	4000
5	3000
5	4000
5	2000
5	3000
5	4000
5	3000
5	5000
5	1000
5	2000
5	4000
5	3000
5	3000
5	2000
5	3000
5	10000
5	1000
5	3000
5	3000
5	5000
5	1000
5	3000
5	3000
5	1000
5	4000
5	4000
5	10000
5	2000
5	8000
5	11000
5	5000
5	6000
5	8000
5	2000
5	2000
5	2000
5	5000
5	3000
5	15000
5	1000
5	2000
5	1000
5	2000
5	7000
5	2000
5	11000
5	2000
5	2000
5	2000
5	4000
5	6000
5	3000
5	3000
5	2000
5	5000
5	2000
5	3000
5	5000
5	4000
5	8000
5	2000
5	3000
5	2000
5	1000
5	2000
5	3000
5	3000
5	2000
5	2000
5	4000
5	2000
5	1000
5	1000
5	2000
5	3000
5	2000
5	2000
5	2000
5	4000
5	2000
5	3000
5	2000
5	1000
5	4000
5	2000
5	2000
5	2000
5	6000
5	4000
5	2000
5	2000
5	2000
5	3000
5	1000
5	5000
5	2000
5	8000
5	2000
5	1000
5	2000
5	2000
5	1000
5	3000
5	2000
5	2000
5	2000
5	15000
5	2000
5	3000
5	2000
5	4000
5	2000
5	4000
5	2000
5	1000
5	1000
5	1000
5	2000
5	2000
5	4000
5	9000
5	2000
5	2000
5	3000
5	2000
5	2000
5	2000
5	3000
5	1000
5	3000
5	3000
5	5000
5	3000
5	4000
5	4000
5	7000
5	2000
5	2000
5	3000
5	2000
5	3000
5	4000
5	2000
5	3000
5	4000
5	1000
5	3000
5	3000
5	2000
5	4000
5	3000
5	2000
5	4000
5	2000
5	9000
5	3000
5	1000
5	13000
5	2000
5	2000
5	3000
5	1000
5	3000
5	3000
5	4000
5	9000
5	4000
5	2000
5	2000
5	4000
5	3000
5	2000
5	2000
5	3000
5	1000
5	5000
5	1000
5	2000
5	2000
5	6000
5	2000
5	1000
5	4000
5	2000
5	2000
5	1000
5	3000
5	12000
5	2000
5	2000
5	1000
5	3000
5	1000
5	3000
5	2000
5	4000
5	1000
5	1000
5	2000
5	2000
5	4000
5	2000
5	6000
5	3000
5	1000
5	10000
5	1000
5	2000
5	5000
5	1000
5	3000
5	3000
5	2000
5	5000
5	1000
5	2000
5	7000
5	3000
5	6000
5	6000
5	7000
5	7000
5	2000
5	7000
5	1000
5	2000
5	1000
5	2000
5	1000
5	2000
5	4000
5	5000
5	5000
5	1000
5	2000
5	2000
5	1000
5	1000
5	3000
5	1000
5	4000
5	1000
5	2000
5	2064
5	2000
5	2000
5	9000
5	4000
5	2000
5	3000
5	2000
5	3000
5	9000
5	2000
5	4000
5	3000
5	1000
5	2000
5	2000
5	6000
5	6000
5	2000
5	4000
5	2000
5	2000
5	4000
5	3000
5	1002
5	2000
5	4000
5	3000
5	4000
5	3000
5	2000
5	5000
5	2000
5	2000
5	1000
5	1000
5	1000
5	3000
5	2000
5	3000
5	5000
5	13000
5	2000
5	4000
5	17000
5	11000
5	6000
5	4000
5	6000
5	4000
5	3000
5	3000
5	4000
5	3000
5	2000
5	16000
5	8000
5	7000
5	2000
5	2000
5	8000
5	4000
5	4000
5	7000
5	7000
5	13000
5	3000
5	2000
5	3000
5	2000
5	3000
5	2000
5	2000
5	13000
5	3000
5	5000
5	2000
5	6000
5	6000
5	13000
5	2000
5	17000
5	2000
5	2000
5	2000
5	3000
5	3000
5	2000
5	2000
5	2000
5	1000
5	1000
5	1000
5	7000
5	3000
5	8000
5	4000
5	7000
5	6000
5	5000
5	7000
5	3000
5	3000
5	2000
5	2000
5	3000
5	14000
5	2000
5	6000
5	2000
5	2000
5	5000
5	5000
5	2000
5	3000
5	3000
5	2000
5	4000
5	6000
5	1000
5	3000
5	2000
5	2000
5	3000
5	3000
5	3000
5	2000
5	3000
5	2000
5	2000
5	1000
5	1000
5	1000
5	2000
5	2000
5	8000
5	4000
5	1000
5	3000
5	2000
5	2000
5	1000
5	2000
5	3000
5	1000
5	3000
5	2000
5	5000
5	5000
5	2000
5	3000
5	1000
5	2000
5	3000
5	2000
5	2000
5	2000
5	2000
5	1000
5	2000
5	1000
5	4000
5	3000
5	2000
5	1000
5	2000
5	3000
5	2000
5	1000
5	3000
5	2000
5	1000
5	2000
5	2000
5	3000
5	3000
5	2000
5	2000
5	3000
5	6000
5	12000
5	2000
5	2000
5	2000
5	5000
5	2000
5	2000
5	2000
5	3000
5	3000
5	2000
5	6000
5	12000
5	6000
5	3000
5	2000
5	3000
5	5000
5	2000
5	5000
5	2000
5	8000
5	2000
5	3000
5	14000
5	6000
5	2000
5	2000
5	3000
5	3000
5	3000
5	2000
5	6000
5	2000
5	5000
5	1000
5	2000
5	1000
5	2000
5	9000
5	5000
5	3000
5	4000
5	2000
5	3000
5	7000
5	4000
5	4000
5	2000
5	3000
5	8000
5	4000
5	3000
5	2000
5	6000
5	3000
5	4000
5	7000
5	6000
5	4000
5	3000
5	2000
5	2000
5	8000
5	3000
5	4000
5	9000
5	3000
5	4000
5	2000
5	2000
5	3000
5	2000
5	3000
5	2000
5	10000
5	2000
5	2000
5	30000
5	1000
5	9000
5	1000
5	5000
5	2000
5	8000
5	2000
5	3000
5	4000
5	2000
5	4000
5	4000
5	18000
5	3000
5	4000
5	5000
5	4000
5	1000
5	12000
5	3000
5	5000
5	4000
5	5000
5	2000
5	2000
5	2000
5	1000
5	2000
5	2000
5	1000
5	1000
5	7000
5	3000
5	2000
5	4991
5	2000
5	2000
5	5000
5	5000
5	2000
5	1000
5	2000
5	2000
5	1000
5	2000
5	2000
5	2000
5	9000
5	2000
5	3000
5	3000
5	2000
5	5000
5	2000
5	1000
5	1000
5	3000
5	4000
5	4000
5	4000
5	1000
5	3000
5	2000
5	3000
5	1000
5	1000
5	3000
5	2000
5	1000
5	4000
5	1000
5	1000
5	6000
5	3000
5	2000
5	2000
5	3000
5	2000
5	7000
5	3000
5	3000
5	2000
5	14000
5	2000
5	2000
5	2000
5	9000
5	2000
5	3000
5	2000
5	2000
5	2000
5	2000
5	3000
5	4000
5	2000
5	2000
5	5000
5	5000
5	2000
5	27000
5	13000
5	5000
5	3000
5	8000
5	13000
5	4000
5	17000
5	17000
5	3000
5	4000
5	2000
5	2000
5	2000
5	9000
5	3000
5	4000
5	2000
5	5000
5	2000
5	2000
5	2000
5	2000
5	2000
5	4000
5	1000
5	4000
5	1000
5	2000
5	2000
5	2000
5	1000
5	2000
5	1000
5	3000
5	2000
5	3000
5	2000
5	3000
5	2000
5	5000
5	1000
5	1000
5	2000
5	8000
5	5000
5	5000
5	4000
5	1000
5	2000
5	1000
5	1000
5	2000
5	1000
5	2000
5	9000
5	3000
5	2000
5	12000
5	4000
5	5000
5	2000
5	4000
5	3000
5	1000
5	3000
5	12000
5	2000
5	2000
5	2000
5	3000
5	3000
5	2000
5	4000
5	6000
5	2000
5	2000
5	8000
5	5000
5	2000
5	2000
5	5000
5	4000
5	6000
5	1000
5	5000
5	1000
5	2000
5	6000
5	5000
5	3000
5	2000
5	5000
5	8000
5	5000
5	4000
5	4000
5	4000
5	7000
5	4000
5	5000
5	3000
5	5000
5	7000
5	3000
5	3000
5	9000
5	3000
5	17000
5	11000
5	3000
5	2000
5	2000
5	3000
5	3000
5	6000
5	1000
5	2000
5	2000
5	3000
5	2000
5	2000
5	4000
5	1000
5	1000
5	3000
5	1000
5	1000
5	3000
5	5000
5	3000
5	3000
5	1000
5	2000
5	3000
5	3000
5	3000
5	5000
5	4000
5	2000
5	2000
5	3000
5	4000
5	2000
5	2000
5	3000
5	6000
5	1000
5	5000
5	7000
5	1000
5	10000
5	3000
5	9000
5	14000
5	4000
5	9000
5	4000
5	5000
5	2000
5	7000
5	2000
5	3000
5	5000
5	8000
5	17000
5	24000
5	6000
5	4000
5	2000
5	7000
5	9000
5	3000
5	29000
5	3000
5	17000
5	15000
5	63000
5	1000
5	8000
5	1000
5	2000
5	4000
5	4000
5	9000
5	3000
5	2000
5	3000
5	1000
5	4000
5	7000
5	6000
5	3000
5	16000
5	3000
5	4000
5	3000
5	5000
5	3000
5	2000
5	1000
5	11000
5	22000
5	7000
5	5000
5	7000
5	4000
5	4000
5	1000
5	2000
5	3000
5	2000
5	3000
5	7000
5	1000
5	12000
5	1000
5	7000
5	6000
5	4000
5	1000
5	5000
5	6000
5	9000
5	3000
5	8000
5	16000
5	2000
5	3000
5	10000
5	2000
5	2000
5	1000
5	3000
5	3000
5	2000
5	2000
5	6000
5	5000
5	3000
5	4000
5	6000
5	8000
5	3000
5	13000
5	5000
5	2000
5	4000
5	5000
5	3000
5	3000
5	11000
5	20000
5	7000
5	5000
5	8000
5	4000
5	10000
5	9000
5	6000
5	4000
5	1000
5	5000
5	1000
5	4000
5	10000
5	3000
5	4000
5	1000
5	6000
5	6000
5	4000
5	16000
5	1000
5	2000
5	9000
5	9000
5	5000
5	5000
5	7000
5	4000
5	3000
5	10000
5	4000
5	7000
5	3000
5	15000
5	4000
5	2000
5	15000
5	7000
5	55000
5	61000
5	23000
5	6000
5	27000
5	29000
5	2000
5	3000
5	14000
5	62000
5	19000
5	8000
5	15000
5	12000
5	11000
5	35000
5	3000
5	27000
5	15000
5	6000
5	15000
5	11000
5	38000
5	6000
5	19000
5	7000
5	4000
5	3000
5	3000
5	4000
5	2000
5	1000
5	1000
5	2000
5	1000
5	1000
5	2000
5	2000
5	2000
5	3000
5	1000
5	3000
5	2000
5	4000
5	3000
5	8000
5	2000
5	8000
5	4000
5	3000
5	2000
5	5000
5	15000
5	1000
5	3000
5	6000
5	3000
5	3000
5	4000
5	6000
5	6000
5	6000
5	4000
5	1000
5	1000
5	5000
5	5000
5	2000
5	1000
5	2000
5	5000
5	6000
5	5000
5	2000
5	2000
5	1000
5	3000
5	6000
5	2000
5	4000
5	2000
5	2000
5	3000
5	5000
5	5000
5	4000
5	1000
5	1000
5	3000
5	2000
5	3000
5	2000
5	4000
5	3000
5	3000
5	2000
5	2000
5	2000
5	1000
5	3000
5	2000
5	2000
5	4000
5	3000
5	2000
5	1000
5	6000
5	5000
5	1000
5	2000
5	4000
5	2000
5	2000
5	1000
5	12000
5	5000
5	6000
5	2000
5	4000
5	5000
5	2000
5	4000
5	3000
5	2000
5	3000
5	5000
5	4000
5	17000
5	3000
5	6000
5	4000
5	2000
5	2000
5	1000
5	4000
5	11000
5	3000
5	2000
5	2000
5	2000
5	2000
5	3000
5	2000
5	3000
5	2000
5	2000
5	2000
5	2000
5	2000
5	2000
5	2000
5	2000
5	1000
5	4000
5	2000
5	3000
5	3000
5	2000
5	2000
5	2000
5	2000
5	3000
5	2000
5	1000
5	2000
5	2000
5	6000
5	2000
5	2000
5	2000
8	3000
8	5000
8	2000
8	2000
8	2000
8	4000
8	4000
8	2000
8	2000
8	2000
8	2000
8	4000
8	2000
8	3000
8	2000
8	2000
8	2000
8	4000
8	2000
8	2000
8	3000
8	2000
8	3000
8	3000
8	2000
8	2000
8	2000
8	2000
8	4000
8	2000
8	2000
8	2000
8	2000
8	7000
8	2000
8	5000
8	2000
8	2000
8	2000
8	2000
8	2000
8	2000
8	2000
8	2000
8	4000
8	2000
8	2000
8	2000
8	2000
8	2000
8	2000
8	2000
8	5000
8	4000
8	2000
8	2000
8	6000
8	2000
8	2000
8	3000
8	2000
8	3000
8	3000
8	2000
8	2000
8	2000
8	3000
8	7000
8	8000
8	3000
8	2000
8	7000
8	2000
8	2000
8	2000
8	2000
8	2000
8	2000
8	2000
8	2000
8	2000
8	4000
8	2000
8	2000
8	2000
8	2000
8	2000
8	2000
8	2000
8	2000
8	2000
8	2000
8	1000
8	3000
8	2000
8	3000
8	4000
8	2000
8	4000
8	2000
8	2000
8	2000
8	2000
8	2000
8	2000
8	2000
8	2000
8	2000
8	2000
8	2000
8	2000
8	5000
8	2000
8	2000
8	2000
8	2000
8	2000
8	2000
8	2000
8	2000
8	4000
8	2000
8	3000
8	2000
8	2000
8	2000
8	2000
8	4000
8	2000
8	2000
8	2000
8	3000
8	2000
8	5000
8	2000
8	3000
8	2000
8	2000
8	2000
8	2000
8	2000
8	3000
8	2000
8	3000
8	2000
8	2000
8	2000
8	2000
8	3000
8	5000
8	4000
8	2000
8	2000
8	2000
8	2000
8	2000
8	2000
8	3000
8	2000
8	2000
8	2000
8	2000
8	2000
8	3000
8	2000
8	2000
8	2000
8	3000
8	3000
8	2000
8	2000
8	3000
8	7000
8	2000
8	3000
8	3000
8	2000
8	2000
8	2000
8	4000
8	2000
8	2000
8	2000
8	2000
8	2000
8	2000
8	4000
8	2000
8	2000
8	2000
8	4000
8	2000
8	2000
8	4000
8	2000
8	2000
8	2000
8	2000
8	2000
8	2000
8	3000
8	3000
8	2000
8	2000
8	2000
8	4000
8	3000
8	2000
8	2000
8	2000
8	3000
8	2000
8	2000
8	2000
8	2000
8	3000
8	2000
8	3000
8	2000
8	3000
8	2000
8	3000
8	2000
8	2000
8	3000
8	2000
8	3000
8	2000
8	2000
8	4000
8	2000
8	2000
8	2000
8	3000
8	2000
8	2000
8	2000
8	3000
8	2000
8	2000
8	3000
8	3000
8	2000
8	2000
8	2000
8	2000
8	6000
8	2000
8	4000
8	3000
8	2000
8	2000
8	2000
8	3000
8	2000
8	5000
8	3000
8	2000
8	3000
8	6000
8	2000
8	4000
8	2000
8	4000
8	2000
8	2000
8	2000
8	7000
8	2000
8	2000
8	2000
8	3000
8	2000
8	2000
8	2000
8	2000
8	4000
8	3000
8	3000
8	2000
8	3000
8	5000
8	2000
8	2000
8	3000
8	2000
8	2000
8	2000
8	2000
8	4000
8	2000
8	3000
8	2000
8	2000
8	2000
8	2000
8	4000
8	6000
8	2000
8	2000
8	4000
8	4000
8	5000
8	3000
8	5000
8	2000
8	2000
8	3000
8	5000
8	2000
8	2000
8	2000
8	2000
8	5000
8	3000
8	3000
8	5000
8	2000
8	3000
8	4000
8	3000
8	5000
8	3000
8	5000
8	2000
8	2000
8	2000
8	3000
8	2000
8	2000
8	2000
8	2000
8	2000
8	2000
8	2000
8	2000
8	4000
8	4000
8	2000
8	2000
8	2000
8	2000
8	2000
8	2000
8	2000
8	3000
8	2000
8	4000
8	2000
8	4000
8	2000
8	2000
8	2000
8	4000
8	2000
8	2000
8	2000
8	2000
8	2000
8	2000
8	3000
8	2000
8	2000
8	2000
8	4000
8	2000
8	6000
8	3000
8	2000
8	2000
8	3000
8	2000
8	2000
8	2000
8	2000
8	4000
8	3000
8	3000
8	2000
8	2000
8	4000
8	2000
8	3000
8	3000
8	8000
8	2000
8	2000
8	2000
8	2000
8	3000
8	2000
8	3000
8	4000
8	3000
8	2000
8	2000
8	4000
8	2000
8	2000
8	2000
8	2000
8	8000
8	4000
8	3000
8	2000
8	2000
8	4000
8	2000
8	2000
8	5000
8	2000
8	5000
8	2000
8	3000
8	2000
8	2000
8	2000
8	2000
8	2000
8	2000
8	2000
8	4000
8	3000
8	2000
8	3000
8	2000
8	2000
8	2000
8	2000
8	2000
8	2000
8	3000
8	3000
8	4000
8	2000
8	2000
8	2000
8	2000
8	2000
8	2000
8	5000
8	2000
8	3000
8	2000
8	3000
8	3000
8	2000
8	2000
8	2000
8	3000
8	4000
8	5000
8	2000
8	2000
8	2000
8	3000
8	2000
8	2000
8	3000
8	6000
8	3000
8	2000
8	2000
8	6000
8	2000
8	2000
8	3000
8	2000
8	3000
8	2000
8	2000
8	3000
8	2000
8	2000
8	2000
8	2000
8	3000
8	2000
8	2000
8	2000
8	2000
8	2000
8	3000
8	2000
8	1590
2	2000
2	8000
2	8000
2	3000
2	5000
2	17000
2	2000
2	6000
2	4000
2	4000
2	2000
2	2000
2	8000
2	9000
2	4000
2	9000
2	2000
2	4000
2	3000
2	3000
2	2000
2	3000
2	8000
2	10000
2	18000
2	2000
2	4000
2	24000
2	24000
2	11000
2	20000
2	10000
2	7000
2	27000
2	9000
2	4000
2	10000
2	5000
2	16000
2	7000
2	24000
2	39000
2	21000
2	14000
2	21000
2	23000
2	4000
2	5000
2	13000
2	8000
2	3000
2	5000
2	26000
2	8000
2	4000
2	3000
2	23000
2	6000
2	2000
2	4000
2	2000
2	7000
2	4000
2	4000
2	2000
2	6000
2	3000
2	15000
2	3000
2	13000
2	2000
2	7000
2	8000
2	5000
2	2000
2	13000
2	3000
2	9000
2	2000
2	3000
2	7000
2	9000
2	6000
2	2000
2	3000
2	8000
2	4000
2	6000
2	2000
2	3000
2	4000
2	1000
2	2000
2	6000
2	13000
2	3000
2	5000
2	11000
2	2000
2	15000
2	5000
2	2000
2	2000
2	21000
2	3000
2	4000
2	3000
2	3000
2	4000
2	13000
2	3000
2	3000
2	16000
2	10000
2	8000
2	9000
2	10000
2	29000
2	6000
2	17000
2	8000
2	8000
2	4000
2	3000
2	11000
2	6000
2	17000
2	28000
2	12000
2	6000
2	7000
2	15000
2	15000
2	10000
2	7000
2	17000
2	3000
2	4000
2	3000
2	4000
2	4000
2	10000
2	3000
2	15000
2	1000
2	3000
2	9000
2	2000
2	1000
2	3000
2	3000
2	2000
2	4000
2	5000
2	10000
2	2000
2	3000
2	4000
2	8000
2	20000
2	11000
2	9000
2	4000
2	4000
2	6000
2	10000
2	2000
2	7000
2	6000
2	7000
2	3000
2	3000
2	5000
2	5000
2	4000
2	4000
2	10000
2	7000
2	5000
2	4000
2	2000
2	1000
2	2000
2	7592
2	2000
2	3000
2	4000
2	2000
2	7000
2	2000
2	2000
2	2000
2	2000
2	4000
2	2000
2	2000
2	2000
2	7000
2	3000
2	2000
2	2000
2	9000
2	3000
2	7000
2	4000
2	2000
2	5000
2	2000
2	2000
2	6000
2	3000
2	4000
2	4000
2	2000
2	2000
2	1000
2	9000
2	3000
2	2000
2	3000
2	3000
2	3000
2	3000
2	3000
2	2000
2	2000
2	2000
2	4000
2	2000
2	4000
2	2000
2	1000
2	6000
2	3000
2	3000
2	2000
2	2000
2	9000
2	4000
2	2000
2	3000
2	7000
2	5000
2	6000
2	2000
2	4000
2	2000
2	3000
2	9000
2	2000
2	3000
2	4000
2	3000
2	19000
2	6000
2	2000
2	2000
2	3000
2	4000
2	10000
2	3000
2	4000
2	6000
2	2000
2	5000
2	2000
2	3000
2	6000
2	3000
2	3000
2	9000
2	2000
2	2000
2	4000
2	8000
2	3000
2	9000
2	1000
2	1000
2	2000
2	1000
2	14000
2	7000
2	7000
2	14000
2	4000
2	4000
2	1000
2	2000
2	11000
2	9000
2	12000
2	8000
2	2000
2	3000
2	4000
2	2000
2	5000
2	6000
2	4000
2	2000
2	2000
2	4000
2	3000
2	10000
2	13000
2	5000
2	27000
2	6000
2	3000
2	3000
2	30000
2	3000
2	10000
2	7000
2	6000
2	3000
2	6000
2	11000
2	30000
2	2000
2	4000
2	9000
2	2000
2	7000
2	2000
2	3000
2	4000
2	8000
2	2000
2	6000
2	2000
2	3000
2	2000
2	3000
2	1000
2	7000
2	5000
2	3000
2	2000
2	2000
2	3000
2	2000
2	3000
2	2000
2	3000
2	2000
2	2000
2	3000
2	4000
2	3000
2	2000
2	2000
2	7000
2	4000
2	23000
2	3000
2	2000
2	3000
2	2000
2	18000
2	13000
2	5000
2	14000
2	3000
2	4000
2	4000
2	6000
2	4000
2	17000
2	2000
2	5000
2	2000
2	6000
2	5000
2	3000
2	3000
2	4000
2	4000
2	6000
2	2000
2	11000
2	7000
2	2000
2	2000
2	3000
2	2000
2	4000
2	2000
2	3000
2	4000
2	3000
2	3000
2	3000
2	2000
2	6000
2	1000
2	6000
2	1000
2	2000
2	5000
2	3000
2	3000
2	5000
2	4000
2	8000
2	2000
2	4000
2	2000
2	2000
2	7000
2	3000
2	2000
2	5000
2	1000
2	4000
2	3000
2	3000
2	8000
2	8000
2	3000
2	8000
2	6000
2	4000
2	1000
2	2000
2	2000
2	7000
2	3000
2	2000
2	3000
2	2000
2	1000
2	2000
2	4000
2	3000
2	4000
2	2000
2	2000
2	5000
2	2000
2	3000
2	2000
2	5000
2	2000
2	3000
2	4000
2	10000
2	3000
2	1000
2	2000
2	1000
2	4000
2	2000
2	4000
2	7000
2	4000
2	4000
2	4000
2	4000
2	3000
2	2000
2	3000
2	2000
2	2000
2	7000
2	3000
2	2000
2	4000
2	2000
2	2000
2	6000
2	2000
2	1000
2	2000
2	2000
2	2000
2	2000
2	3000
2	6000
2	6000
2	11000
2	4000
2	3000
2	3000
2	5000
2	2000
2	10000
2	6000
2	2000
2	8000
2	6000
2	16000
2	3000
2	2000
2	2000
2	3000
2	2000
2	2000
2	4000
2	6000
2	20000
2	4000
2	10000
2	2000
2	3000
2	3000
2	17000
2	2000
2	6000
2	3000
2	7000
2	2000
2	3000
2	2000
2	4000
2	2000
2	3000
2	4000
2	2000
2	2000
2	4000
2	5000
2	2000
2	4000
2	5000
2	3000
2	2000
2	7000
2	9000
2	10000
2	2000
2	7000
2	4000
2	4000
2	4000
2	2000
2	3000
2	5000
2	7000
2	32000
2	5000
2	6000
2	4000
2	5000
2	1000
2	4000
2	8000
2	3000
2	14000
2	5000
2	6000
2	34000
2	8000
2	2000
2	7000
2	3000
2	5000
2	13000
2	8000
2	6000
2	8000
2	11000
2	26000
2	3000
2	7000
2	9000
2	8000
2	18000
2	2000
2	5000
2	3000
2	3000
2	43000
2	7000
2	19000
2	11000
2	3000
2	7001
2	20000
2	1000
2	4000
2	7000
2	5000
2	3000
2	3000
2	8000
2	3000
2	4000
2	17000
2	12000
2	3000
2	3000
2	1000
2	9000
2	4000
2	7000
2	2000
2	6000
2	3000
2	4000
2	2000
2	4000
2	2000
2	1000
2	4000
2	6000
2	2000
2	2000
2	2000
2	9000
2	3000
2	2000
2	3000
2	1000
2	7000
2	6000
2	5000
2	3000
2	7000
2	14000
2	4000
2	1000
2	3000
2	5000
2	4000
2	2000
2	6000
2	2000
2	2000
2	9000
2	3000
2	3000
2	1000
2	3000
2	7000
2	5000
2	10000
2	3000
2	5000
2	3000
2	6000
2	2000
2	3000
2	5000
2	8000
2	4000
2	13000
2	13000
2	3000
2	3000
2	11000
2	5000
2	3000
2	9000
2	2000
2	10000
2	3000
2	3000
2	2000
2	3000
2	6000
2	2000
2	3000
2	2000
2	3000
2	13000
2	10000
2	13000
2	6000
2	4000
2	5000
2	13000
2	8000
2	3000
2	3000
2	2000
2	3000
2	4000
2	7000
2	6000
2	2000
2	3000
2	4000
2	8000
2	2000
2	3000
2	5000
2	3000
2	3000
2	12000
2	3000
2	3000
2	4000
2	18000
2	3000
2	6000
2	4000
2	14000
2	4000
2	2000
2	26000
2	2000
2	5000
2	11000
2	15000
2	6000
2	10000
2	11000
2	14000
2	1000
2	1000
2	8000
2	2000
2	3000
2	1000
2	5000
2	3000
2	6000
2	3000
2	4000
2	2000
2	3000
2	8000
2	5000
2	5000
2	8000
2	18000
2	1000
2	6000
2	4000
2	4000
2	7000
2	3000
2	3000
2	4000
2	3000
2	10000
2	6000
2	5000
2	5000
2	3000
2	3000
2	9000
2	3000
2	5000
2	2000
2	4000
2	12000
2	2000
2	3000
2	3000
2	6000
2	2000
2	4000
2	3000
2	3000
2	4000
2	3000
2	2000
2	2000
2	2000
2	3000
2	2000
2	1000
2	2000
2	3000
2	3000
2	3000
2	8000
2	4000
2	4000
2	3000
2	4000
2	8000
2	4000
2	5000
2	3000
2	6000
2	4000
2	3000
2	2000
2	3000
2	6000
2	7000
2	3000
2	6000
2	5000
2	7000
2	8000
2	6000
2	2000
2	4000
2	7000
2	5000
2	5000
2	4000
2	10000
2	2000
2	3000
2	1000
2	7000
2	5000
2	1000
2	3000
2	8000
2	2000
2	3000
2	7000
2	4000
2	3000
2	8000
2	4000
2	3000
2	2000
2	4000
2	3000
2	2000
2	6000
2	2000
2	5000
2	4000
2	6000
2	3000
2	5000
2	7000
2	2000
2	8000
2	8000
2	4000
2	2000
2	5000
2	8000
2	20000
2	4000
2	2000
2	3000
2	2000
2	23000
2	4000
2	7000
2	2000
2	3000
2	2000
2	5000
2	3000
2	6000
2	2000
2	3000
2	9000
2	3000
2	3000
2	3000
2	4000
2	5000
2	14000
2	4000
2	8000
2	14000
2	3000
2	6000
2	5000
2	2000
2	5000
2	2000
2	6000
2	2000
2	3000
2	7000
2	7000
2	2000
2	8000
2	3000
2	3000
2	12000
2	5000
2	2000
2	4000
2	1000
2	4000
2	12000
2	12000
2	2000
2	3000
2	11000
2	6000
2	2000
2	9000
2	3000
2	3000
2	10000
2	6000
2	3000
2	5000
2	2000
2	5000
2	12000
2	14000
2	15000
2	10000
2	24000
2	3000
2	9000
2	3000
2	4000
2	6000
2	6000
2	2000
2	4000
2	6000
2	6000
2	5000
2	6000
2	3000
2	3000
2	1000
2	6000
2	3000
2	3000
2	4000
2	2000
2	2000
2	2000
2	6000
2	26000
2	6000
2	3000
2	9000
2	3000
2	9000
2	3000
2	10000
2	5000
2	3000
2	4000
2	2000
2	4000
2	3000
2	4000
2	3000
2	4000
2	7000
2	7000
2	16000
2	27000
2	12000
2	5000
2	2000
2	4000
2	16000
2	3000
2	2000
2	3000
2	6000
2	4000
2	12000
2	3000
2	2000
2	14000
2	17000
2	4000
2	9000
2	4000
2	33000
2	2000
2	2000
2	2000
2	8000
2	10000
2	6000
2	4000
2	3000
2	3000
2	13000
2	2000
2	2000
2	2000
2	2000
2	4000
2	2000
2	10000
2	4000
2	19000
2	5000
2	2000
2	3000
2	5000
2	4000
2	3000
2	3000
2	9000
2	3000
2	2000
2	4000
2	3000
2	2000
2	7000
2	14000
2	2000
2	8000
2	4000
2	14000
2	2000
2	4000
2	8000
2	6000
2	6000
2	3000
2	16000
2	2000
2	4000
2	4000
2	8000
2	2000
2	4000
2	3000
2	7000
2	1000
2	2000
2	2000
2	4000
2	2000
2	2000
2	2000
2	7000
2	3000
2	1000
2	7000
2	2000
2	2000
2	13000
2	5000
2	3000
2	1000
2	6000
2	6000
2	7000
2	8000
2	6000
2	1000
2	5000
2	3000
2	5000
2	9000
2	2000
2	2000
2	3000
2	2000
2	3000
2	3000
2	3000
2	1000
2	3000
2	2000
2	3000
2	4000
2	2000
2	10000
2	5000
2	3000
2	4000
2	6000
2	3000
2	6000
2	6000
2	3000
2	7000
2	13000
2	3000
2	8000
2	6000
2	2000
2	5000
2	3000
2	3000
2	3000
2	3000
2	4000
2	4000
2	2000
2	6000
2	3000
2	3000
2	4000
2	1000
2	4000
2	4000
2	4000
2	3000
2	4000
2	2000
2	9000
2	8000
2	5000
2	7000
2	5000
2	3000
2	2000
2	2000
2	6000
2	3000
2	2000
2	2000
2	2000
2	4000
2	5000
2	3000
2	2000
2	2000
2	3000
2	2000
2	4000
2	6000
2	8000
2	2000
2	2000
2	1000
2	12000
2	5000
2	21000
2	1000
2	1000
2	4000
2	4000
2	5000
2	3000
2	2000
2	2000
2	2000
2	5000
2	1000
2	5000
2	4000
2	4000
2	2000
2	2000
2	4000
2	2000
2	2000
2	5000
2	2000
2	3000
2	2000
2	9000
2	4000
2	3000
2	2000
2	2000
2	1000
2	4000
2	1000
2	2000
2	2000
2	1000
2	1000
2	1000
2	2000
2	3000
2	2000
2	3000
2	4000
2	2000
2	2000
2	2000
2	7000
2	5000
2	8000
2	2000
2	6000
2	5000
2	9000
2	5000
2	2000
2	4000
2	6000
2	1000
2	2000
2	2000
2	2000
2	3000
2	3000
2	3000
2	4000
2	3000
2	14000
2	2000
2	2000
2	3000
2	3000
2	2000
2	16000
2	13000
2	3000
2	5000
2	4000
2	6000
2	2000
2	3000
2	4000
2	7000
2	8000
2	6000
2	5000
2	30000
2	2000
2	6000
2	5000
2	4000
2	5000
2	9000
2	4000
2	11000
2	13000
2	3000
2	2000
2	8000
2	28000
2	6000
2	5000
2	8000
2	26000
2	4000
2	14000
2	3000
2	8000
2	4000
2	20000
2	5000
2	1000
2	5000
2	11000
2	11000
2	16000
2	7000
2	11000
2	6000
2	8000
2	8000
2	21000
2	18000
2	5000
2	1000
2	2000
2	2000
2	2000
2	2000
2	3000
2	4000
2	4000
2	17000
2	1000
2	4000
2	3000
2	5000
2	5000
2	10000
2	3000
2	3000
2	6000
2	4000
2	2000
2	2000
2	3000
2	14000
2	2000
2	15000
2	3000
2	4000
2	2000
2	9000
2	9000
2	3000
2	3000
2	16000
2	2000
2	4000
2	15000
2	6000
2	3000
2	2000
2	2000
2	14000
2	6000
2	10000
2	2000
2	3000
2	15000
2	6000
2	2000
2	16000
2	4000
2	16000
2	2000
2	4000
2	6000
2	5000
2	6000
2	3000
2	2000
2	2000
2	16000
2	3000
2	12000
2	4000
2	7000
2	10000
2	2000
2	8000
2	3000
2	5000
2	2000
2	1000
2	9000
2	4000
2	3000
2	1000
2	3000
2	5000
2	2000
2	7000
2	2000
2	3000
2	3000
2	4000
2	1000
2	1000
2	2000
2	4000
2	2000
2	2000
2	2000
2	9000
2	3000
2	2000
2	2000
2	7000
2	2000
2	3000
2	4000
2	2000
2	9000
2	1000
2	5000
2	14000
2	3000
2	7000
2	7000
2	4000
2	4000
2	4000
2	4000
2	3000
2	3000
2	5000
2	12000
2	2000
2	2000
2	2000
2	2000
2	2000
2	2000
2	2000
2	3000
2	3000
2	3000
2	4000
2	6000
2	5000
2	3000
2	3000
2	6000
2	4000
2	2000
2	5000
2	1000
2	7000
2	11000
2	8000
2	6000
2	2000
2	3000
2	6000
2	6000
2	8000
2	9000
2	2000
2	4000
2	1000
2	3000
2	2000
2	2000
2	3000
2	2000
2	2000
2	3000
2	4000
2	2000
2	2000
2	4000
2	4000
2	7000
2	3000
2	14000
2	3000
2	2000
2	2000
2	2000
2	2000
2	3000
2	1000
2	3000
2	3000
2	9000
2	4000
2	3000
2	4000
2	3000
2	3000
2	3000
2	4000
2	2000
2	4000
2	10000
2	3000
2	1000
2	9000
2	6000
2	6000
2	3000
2	6000
2	2000
2	3000
2	5000
2	3000
2	2000
2	4000
2	5000
2	2000
2	2000
2	3000
2	4000
2	4000
2	4000
2	4000
2	4000
2	2000
2	2000
2	2000
2	6000
2	2000
2	5000
2	3000
2	3000
2	3000
2	6000
2	3000
2	4000
2	1000
2	4000
2	1000
2	3000
2	14000
2	2000
2	1000
2	2000
2	1000
2	2000
2	2000
2	4000
2	10000
2	4000
2	2000
2	3000
2	2000
2	3000
2	4000
2	3000
2	3000
2	1000
2	1000
2	5000
2	4000
2	9000
2	6000
2	2000
2	2000
2	3000
2	10000
2	3000
2	4000
2	6000
2	2000
2	2000
2	2000
2	3000
2	3000
2	3000
2	2000
2	3000
2	3000
2	2000
2	2000
2	2000
2	2000
2	9000
2	3000
2	2000
2	2000
2	3000
2	2000
2	2000
2	3000
2	4000
2	3000
2	5000
2	1000
2	6000
2	2000
2	5000
2	2000
2	2000
2	3000
2	3000
2	4000
2	3000
2	3000
2	9000
2	2000
2	3000
2	2000
2	1000
2	3000
2	9000
2	5000
2	3000
2	3000
2	8000
2	3000
2	2000
2	9000
2	1000
2	3000
2	1000
2	8000
2	2000
2	21000
2	3000
2	13000
2	10000
2	3000
2	3000
2	9000
2	4000
2	3000
2	3000
2	9000
2	7000
2	2000
2	2000
2	3000
2	2000
2	3000
2	3000
2	2000
2	2000
2	3000
2	2000
2	5000
2	2000
2	2000
2	3000
2	2000
2	4000
2	7000
2	3000
2	2000
2	3000
2	5000
2	3000
2	2000
2	2000
2	1000
2	4000
2	7000
2	10000
2	2000
2	5000
2	14000
2	2000
2	5000
2	5000
2	9000
2	2000
2	4000
2	4000
2	2000
2	9000
2	9000
2	5000
2	4000
2	3000
2	3000
2	25000
2	5000
2	6000
2	8000
2	3000
2	7000
2	12000
2	2000
2	11000
2	19000
2	10000
2	6000
2	4000
2	8000
2	4000
2	14000
2	3000
2	16000
2	4000
2	5000
2	6000
2	20000
2	7000
2	16000
2	8000
2	11000
2	5000
2	6000
2	2000
2	7000
2	2000
2	7000
2	2000
2	4000
2	6000
2	2000
2	4000
2	3000
2	3000
2	7000
2	2000
2	4000
2	3000
2	3000
2	6000
2	4000
2	2000
2	5000
2	17000
2	3000
2	8000
2	3000
2	3000
2	5000
2	7000
2	2000
2	2000
2	2000
2	13000
2	6000
2	6000
2	2000
2	7000
2	2000
2	4000
2	7000
2	3000
2	3000
2	3000
2	2000
2	2000
2	2000
2	3000
2	3000
2	3000
2	3000
2	2000
2	3000
2	3000
2	4000
2	2000
2	3000
2	4000
2	1000
2	2000
2	3000
2	4000
2	4000
2	3000
2	9000
2	2000
2	5000
2	3000
2	21000
2	6000
2	4000
2	3000
2	27000
2	3000
2	7000
2	3000
2	4000
2	8000
2	8000
2	14000
2	9000
2	5000
2	2000
2	3000
2	2000
2	9000
2	3000
2	3000
2	2000
2	4000
2	5000
2	15000
2	17000
2	1000
2	8000
2	2000
2	3000
2	3000
2	17000
2	3000
2	3000
2	2000
2	4000
2	16000
2	4000
2	2000
2	6000
2	3000
2	4000
2	18000
2	3000
2	3000
2	8000
2	4000
2	3000
2	5000
2	19000
2	7000
2	5000
2	6000
2	6000
2	5000
2	15000
2	3000
2	14000
2	5000
2	6000
2	19000
2	15000
2	5000
2	7000
2	2000
2	14000
2	4000
2	5000
2	6000
2	12000
2	5000
2	3000
2	6000
2	8000
2	5000
2	4000
2	3000
2	3000
2	4000
2	6000
2	3000
2	2000
2	2000
2	2000
2	4000
2	6000
2	16000
2	2000
2	3000
2	8000
2	8000
2	3000
2	3000
2	3000
2	3000
2	7000
2	3000
2	3000
2	3000
2	3000
2	2000
2	2000
2	4000
2	4000
2	4000
2	4000
2	1000
2	2000
2	4000
2	4000
2	5000
2	16000
2	5000
2	2000
2	11000
2	9000
2	3000
2	6000
2	5000
2	2000
2	2000
2	3000
2	3000
2	1424
2	7000
2	16000
2	38000
2	3000
2	3000
2	3000
2	8000
2	2000
2	8000
2	2000
2	11000
2	6000
2	13000
2	6000
2	6000
2	3000
2	5000
2	6000
2	3000
2	3000
2	2000
2	19000
2	3000
2	6000
2	21000
2	9000
2	9000
2	8000
2	18000
2	16000
2	3000
2	7000
2	5000
2	23000
2	8000
2	4000
2	3000
2	3000
2	18000
2	5000
2	6000
2	2000
2	1000
2	26000
2	4000
2	2000
2	2000
2	2000
2	4000
2	2000
2	3000
2	4000
2	7000
2	2000
2	5000
2	1000
2	1000
2	3000
2	2000
2	9000
2	3000
2	1000
2	2000
2	4000
2	3000
2	13000
2	5000
2	1000
2	4000
2	2000
2	3000
2	2000
2	7000
2	7000
2	1000
2	2000
2	3000
2	2000
2	3000
2	4000
2	9000
2	14000
2	4000
2	4000
2	8000
2	28000
2	2000
2	9000
2	2000
2	10000
2	2000
2	9000
2	8000
2	4000
2	5000
2	4000
2	2000
2	9000
2	3000
2	4000
2	1000
2	2000
2	9000
2	3000
2	2000
2	2000
2	3000
2	6000
2	4000
2	3000
2	2000
2	2000
2	5000
2	3000
2	2000
2	2000
2	2000
2	2000
2	2000
2	2000
2	1000
2	5000
2	7000
2	5000
2	9000
2	2000
2	14000
2	7000
2	2000
2	4000
2	4000
2	3000
2	3000
2	6000
2	1000
2	1000
2	3000
2	2000
2	2000
2	1000
2	5000
2	7000
2	2000
2	3000
2	3000
2	4000
2	5000
2	3000
2	3000
2	3000
2	2000
2	5000
2	2000
2	2000
2	3000
2	2000
2	2000
2	2000
2	5000
2	4000
2	2000
2	2000
2	4000
2	3000
2	2000
2	3000
2	4000
2	4000
2	2000
2	4000
2	2000
2	4000
2	6000
2	6000
2	3000
2	2000
2	3000
2	2000
2	2000
2	14000
2	3000
2	2000
2	1000
2	2000
2	3000
2	1000
2	4000
2	2000
2	1000
2	6000
2	2000
2	13000
2	2000
2	7000
2	10000
2	4000
2	9000
2	5000
2	2000
2	2000
2	13000
2	5000
2	9000
2	15000
2	3000
2	5000
2	3000
2	6000
2	4000
2	3000
2	2000
2	1426
2	4000
2	1000
2	1000
2	1000
2	2000
2	2000
2	3000
2	3000
2	4000
2	1000
2	2000
2	2000
2	2000
2	2000
2	2000
2	2000
2	2000
2	2000
2	2000
2	1000
2	1000
2	1000
2	1000
2	2000
2	3000
2	3000
2	5000
2	5000
2	4000
2	50000
2	6000
2	1000
2	5000
2	3000
2	8000
2	16000
2	8000
2	9000
2	7000
2	13000
2	10000
2	23000
2	2000
2	2000
2	7000
2	3000
2	11000
2	4000
2	9000
2	9000
2	6000
2	7000
2	13000
2	4000
2	18000
2	12000
2	1000
2	7000
2	2000
2	2000
2	4000
2	4000
2	2000
2	5000
2	5000
2	4000
2	2000
2	4000
2	4000
2	3000
2	3000
2	13000
2	3000
2	3000
2	2000
2	3000
2	10000
2	22000
2	3000
2	4000
2	6000
2	2000
2	2000
2	2000
2	12000
2	4000
2	3000
2	4000
2	6000
2	5000
2	4000
2	4000
2	33000
2	5000
2	7000
2	5000
2	11000
2	3000
2	16000
2	2000
2	3000
2	5000
2	5000
2	3000
2	5000
2	7000
2	4000
2	5000
2	1000
2	3000
2	2000
2	2000
2	2000
2	3000
2	1000
2	2000
2	2000
2	3000
2	3000
2	2000
2	11000
2	19000
2	11000
2	12000
2	3000
2	11000
2	11000
2	6000
2	1000
2	4000
2	2000
2	2000
2	3000
2	5000
2	7000
2	1000
2	2000
2	3000
2	7000
2	11000
2	3000
2	2000
2	4000
2	7000
2	15000
2	2000
2	11000
2	3000
2	10000
2	6000
2	2000
2	2000
2	3000
2	2000
2	13000
2	22000
2	2000
2	1000
2	9000
2	3000
2	4000
2	9000
2	5000
2	4000
2	13000
2	7000
2	6000
2	6000
2	9000
2	5000
2	4000
2	11000
2	3000
2	4000
2	19000
2	2000
2	3000
2	2000
2	2000
2	1000
2	5000
2	3000
2	6000
2	3000
2	1000
2	5000
2	7000
2	3000
2	3000
2	1000
2	2000
2	3000
2	7000
2	4000
2	8000
2	6000
2	7000
2	3000
2	2000
2	3000
2	6000
2	8000
2	4000
2	3000
2	3000
2	2000
2	8000
2	1000
2	2000
2	4000
2	6000
2	6000
2	7000
2	3000
2	4000
2	2000
2	10000
2	4000
2	4000
2	22000
2	9000
2	19000
2	6000
2	1000
2	6000
2	3000
2	7000
2	7000
2	3000
2	4000
2	7000
2	2000
2	2000
2	4000
2	2000
2	3000
2	2000
2	11000
2	4000
2	4000
2	2000
2	14000
2	9000
2	7000
2	3000
2	4000
2	4000
2	3000
2	11000
2	1000
2	11000
2	3000
2	8000
2	5000
2	1000
2	3000
2	3000
2	4000
2	3000
2	4000
2	2000
2	3000
2	13000
2	3000
2	3000
2	2000
2	5000
2	7000
2	7000
2	4000
2	3000
2	5000
2	2000
2	3000
2	2000
2	2000
2	2000
4	2000
4	2000
4	3000
4	2000
4	2000
4	3000
4	2000
4	2000
4	2000
4	2000
4	4000
4	2000
4	4000
4	2000
4	2000
4	2000
4	2000
4	2000
4	2000
4	2000
4	2000
4	2000
4	2000
4	2000
4	4000
4	2000
4	4000
4	2000
4	3000
4	2000
4	7000
4	2000
4	2000
4	2000
4	2000
4	2000
4	2000
4	2000
4	2000
4	3000
4	2000
4	2000
4	2000
4	2000
4	2000
4	2000
4	2000
4	2000
4	2000
4	3000
4	2000
4	2000
4	2000
4	2000
4	2000
4	3000
4	2000
4	2000
4	3000
4	2000
4	2000
4	2000
4	2000
4	2000
4	2000
4	2000
4	3000
4	3000
4	2000
4	5000
4	2000
4	2000
4	6000
4	2000
4	2000
4	3000
4	4000
4	4000
4	2000
4	2000
4	2000
4	2000
4	2000
4	2000
4	7000
4	2000
4	2000
4	7000
4	2000
4	2000
4	2000
4	2000
4	2000
4	2000
4	2000
4	2000
4	2000
4	5000
4	2000
4	2000
4	3000
4	2000
4	2000
4	2000
4	3000
4	2000
4	2000
4	2000
4	2000
4	2000
4	2000
4	6000
4	2000
4	2000
4	2000
4	2000
4	2000
4	8000
4	2000
4	2000
4	3000
4	2000
4	2000
4	2000
4	2000
4	2000
4	2000
4	3000
4	3000
4	5000
4	2000
4	6000
4	2000
4	2000
4	2000
4	2000
4	2000
4	2000
4	5000
4	2000
4	2000
4	2000
4	3000
4	2000
4	2000
4	2000
4	2000
4	4000
4	2000
4	2000
4	2000
4	5000
4	2000
4	2000
4	3000
4	2000
4	2000
4	3000
4	2000
4	3000
4	2000
4	2000
4	2000
4	2000
4	2000
4	2000
4	2000
4	2000
4	2000
4	3000
4	5000
4	2000
4	2000
4	3000
4	4000
4	2000
4	2000
4	2000
4	3000
4	2000
4	4000
4	2000
3	1000
3	2000
3	8000
3	11000
3	3000
3	2000
3	6000
3	2000
3	3000
3	2000
3	9000
3	2000
3	7000
3	6000
3	4000
3	3000
3	3000
3	2000
3	3000
3	6000
3	2000
3	4000
3	2000
3	2000
3	7000
3	8000
3	3000
3	2000
3	24000
3	2000
3	2000
3	3000
3	4000
3	1000
3	6000
3	4000
3	2000
3	2000
3	1000
3	2000
3	2000
3	12000
3	4000
3	8000
3	3000
3	2000
3	3000
3	9000
3	7000
3	2000
3	2000
3	3000
3	4000
3	4000
3	3000
3	1000
3	2000
3	2000
3	1000
3	2000
3	4000
3	3000
3	2000
3	2000
3	2000
3	3000
3	1000
3	2000
3	1000
3	4000
3	2000
3	3000
3	4000
3	2000
3	2000
3	12000
3	2000
3	11000
3	2000
3	3000
3	2000
3	4000
3	2000
3	9000
3	12000
3	13000
3	3000
3	13000
3	10000
3	8000
3	7000
3	10000
3	15000
3	10000
3	21000
3	5000
3	2000
3	16000
3	10000
3	7000
3	5000
3	28000
3	6000
3	5000
3	8000
3	12000
3	6000
3	12000
3	14000
3	4000
3	2000
3	24000
3	15000
3	9000
3	27000
3	2000
3	4000
3	8000
3	9000
3	9000
3	3000
3	4000
3	7000
3	11000
3	13000
3	7000
3	1000
3	6000
3	2000
3	3000
3	2000
3	2000
3	4000
3	6000
3	4000
3	5000
3	5000
3	3000
3	5000
3	3000
3	8000
3	3000
3	7000
3	2000
3	1000
3	11000
3	6000
3	2000
3	13000
3	2000
3	2000
3	2000
3	24000
3	2000
3	14000
3	13000
3	10000
3	2000
3	12000
3	3000
3	11000
3	4000
3	5000
3	4000
3	6000
3	25000
3	7000
3	7000
3	11000
3	2000
3	2000
3	2000
3	2000
3	3000
3	7000
3	3000
3	1000
3	2000
3	2000
3	3000
3	2000
3	2000
3	2000
3	3000
3	5000
3	2000
3	2000
3	4000
3	2000
3	5000
3	6000
3	5000
3	6000
3	7000
3	4000
3	3000
3	2000
3	9000
3	4000
3	2000
3	5000
3	3000
3	10000
3	3000
3	5000
3	12000
3	5000
3	3000
3	21000
3	1000
3	3000
3	7000
3	13000
3	7000
3	3000
3	5000
3	3000
3	2000
3	2000
3	2000
3	3000
3	2000
3	2000
3	2000
3	2000
3	3000
3	2000
3	3000
3	4000
3	10000
3	2000
3	4000
3	2000
3	2000
3	3000
3	2000
3	5000
3	4000
3	4000
3	4000
3	7000
3	6000
3	4000
3	6000
3	5000
3	3000
3	1000
3	2000
3	4000
3	2000
3	6000
3	2000
3	8000
3	4000
3	3000
3	2000
3	6000
3	3000
3	1000
3	1000
3	3000
3	16000
3	4000
3	9000
3	6000
3	4000
3	7000
3	4000
3	2000
3	22000
3	5000
3	11000
3	3000
3	2000
3	6000
3	3000
3	5000
3	2000
3	17000
3	18000
3	5000
3	11000
3	2000
3	2000
3	10000
3	10000
3	3000
3	8000
3	5000
3	6000
3	7000
3	4000
3	9000
3	5000
3	6000
3	6000
3	3000
3	3000
3	2000
3	1000
3	2000
3	2000
3	2000
3	2000
3	4000
3	3000
3	10000
3	2000
3	2000
3	2000
3	2000
3	3000
3	6000
3	1000
3	4000
3	3000
3	3000
3	1000
3	1999
3	2000
3	2000
3	2000
3	2000
3	3000
3	3000
3	1000
3	3000
3	2000
3	3000
3	4000
3	6000
3	3000
3	2000
3	2000
3	2000
3	2000
3	2000
3	5000
3	3000
3	9000
3	5000
3	2000
3	1000
3	4000
3	4000
3	2000
3	4000
3	2000
3	3000
3	1000
3	4000
3	10000
3	3000
3	2000
3	2000
3	4000
3	3000
3	4000
3	1000
3	4000
3	2000
3	2000
3	4000
3	5000
3	3000
3	2000
3	2000
3	1000
3	3000
3	2000
3	2000
3	9000
3	3000
3	3000
3	2000
3	8000
3	3000
3	2000
3	6000
3	3000
3	2000
3	2000
3	3000
3	1000
3	2000
3	1000
3	2000
3	1000
3	3000
3	3000
3	4000
3	14000
3	8000
3	7000
3	4000
3	2000
3	1000
3	2000
3	4000
3	2000
3	2000
3	3000
3	4000
3	5000
3	6000
3	2000
3	2000
3	2000
3	3000
3	1000
3	3000
3	8000
3	7000
3	2000
3	6000
3	2000
3	6000
3	2000
3	7000
3	7000
3	4000
3	3000
3	3000
3	2000
3	2000
3	2000
3	2000
3	1000
3	2000
3	2000
3	5000
3	3000
3	2000
3	8000
3	6000
3	2000
3	3000
3	3000
3	2000
3	2000
3	6000
3	2000
3	2000
3	4000
3	3000
3	4000
3	876
3	2000
3	3000
3	2000
3	2000
3	3000
3	1000
3	1000
3	3000
3	4000
3	2000
3	2000
3	2000
3	2000
3	2000
3	1000
3	3000
3	4000
3	5000
3	3000
3	2000
3	2000
3	2000
3	6000
3	3000
3	3000
3	2000
3	3000
3	6000
3	2000
3	1000
3	5000
3	3000
3	2000
3	2000
3	14000
3	5000
3	14000
3	2000
3	2000
3	2000
3	2000
3	1000
3	4000
3	1000
3	6000
3	3000
3	4000
3	5000
3	2000
3	3000
3	6000
3	2000
3	2000
3	5000
3	6000
3	6000
3	1000
3	4000
3	5000
3	2000
3	2000
3	2000
3	7000
3	2000
3	7000
3	4000
3	4000
3	3000
3	2000
3	4000
3	5000
3	2000
3	3000
3	2000
3	4000
3	2000
3	5000
3	7000
3	3000
3	3000
3	3000
3	3000
3	1000
3	2000
3	2000
3	3000
3	1000
3	3000
3	5000
3	11000
3	3000
3	5000
3	3000
3	6000
3	2000
3	2000
3	5000
3	1000
3	6000
3	2000
3	3000
3	9000
3	4000
3	3000
3	2000
3	2000
3	6000
3	2000
3	1000
3	3000
3	2000
3	5000
3	8000
3	2000
3	2000
3	12000
3	8000
3	1000
3	1000
3	9000
3	5000
3	4000
3	1000
3	2000
3	5000
3	2000
3	9000
3	2000
3	7000
3	8000
3	4000
3	6000
3	2000
3	3000
3	3000
3	2000
3	2000
3	3000
3	8000
3	5000
3	13000
3	2000
3	2000
3	10000
3	1000
3	1000
3	4000
3	7000
3	3000
3	5000
3	11000
3	4000
3	3000
3	2000
3	3000
3	5000
3	7000
3	3000
3	2000
3	3000
3	4000
3	1000
3	4000
3	8000
3	2000
3	4000
3	1000
3	3000
3	3000
3	6000
3	2000
3	6000
3	2000
3	1000
3	5000
3	1000
3	11000
3	2000
3	2000
3	4000
3	2986
3	4000
3	2000
3	1000
3	7000
3	2000
3	2000
3	2000
3	2000
3	1000
3	2000
3	8000
3	2000
3	7000
3	3000
3	3000
3	6000
3	2000
3	9000
3	2000
3	2000
3	2000
3	2000
3	3000
3	3000
3	2000
3	6000
3	4000
3	6000
3	1000
3	2000
3	3000
3	2000
3	2000
3	3000
3	2000
3	6000
3	4000
3	2000
3	3000
3	1000
3	5000
3	3000
3	8000
3	5000
3	4000
3	2000
3	2000
3	9000
3	3000
3	8000
3	2000
3	4000
3	2000
3	2000
3	3000
3	2000
3	5000
3	3000
3	3000
3	10000
3	5000
3	2000
3	1000
3	3000
3	2000
3	2000
3	6000
3	8000
3	6000
3	7000
3	6000
3	3000
3	2000
3	4000
3	3000
3	2000
3	5000
3	7000
3	3000
3	6000
3	6000
3	2000
3	6000
3	11000
3	1000
3	14000
3	6000
3	3000
3	10000
3	2000
3	5000
3	2000
3	4000
3	7000
3	4000
3	8000
3	2000
3	2000
3	5000
3	2000
3	2000
3	4000
3	13000
3	6000
3	4000
3	7000
3	2000
3	4000
3	8000
3	3000
3	4000
3	3000
3	2000
3	6000
3	2000
3	6000
3	3000
3	2000
3	5000
3	3000
3	2000
3	1000
3	3000
3	8000
3	2000
3	2000
3	2000
3	3000
3	3000
3	5000
3	2000
3	2000
3	4000
3	3000
3	3000
3	1000
3	5000
3	3000
3	1000
3	3000
3	6000
3	3000
3	2000
3	3000
3	4000
3	6000
3	2000
3	5000
3	4000
3	16000
3	16000
3	9000
3	2000
3	4000
3	3000
3	6000
3	11000
3	6000
3	3000
3	2000
3	3000
3	6000
3	5000
3	2000
3	2000
3	3000
3	5000
3	1000
3	15000
3	3000
3	3000
3	2000
3	3000
3	7000
3	2000
3	11000
3	5000
3	3000
3	1000
3	5000
3	2000
3	3000
3	1000
3	3000
3	9000
3	5000
3	3000
3	8000
3	4000
3	3000
3	3000
3	4000
3	3000
3	2000
3	3000
3	4000
3	5000
3	15000
3	4000
3	11000
3	13000
3	8000
3	4000
3	1000
3	18000
3	2000
3	28000
3	4000
3	4000
3	2000
3	2000
3	4000
3	11000
3	2000
3	2000
3	3000
3	3000
3	4000
3	1000
3	2000
3	24000
3	11000
3	9000
3	7000
3	6000
3	7000
3	3000
3	3000
3	5000
3	2000
3	3000
3	2000
3	2000
3	2000
3	2000
3	3000
3	5000
3	2000
3	10000
3	4000
3	2000
3	11000
3	6000
3	7000
3	16000
3	38000
3	3000
3	5000
3	3000
3	1000
3	2000
3	2000
3	5000
3	2000
3	7000
3	2000
3	2000
3	2000
3	3000
3	4000
3	10000
3	1000
3	3000
3	2000
3	5000
3	3000
3	1000
3	4000
3	2000
3	5000
3	2000
3	3000
3	3000
3	2000
3	2000
3	2000
3	4000
3	7000
3	2000
3	2000
3	3000
3	2000
3	6000
3	7000
3	22000
3	13000
3	27000
3	22000
3	2000
3	7000
3	4000
3	10000
3	6000
3	3000
3	2000
3	2000
3	4000
3	2000
3	1000
3	6000
3	5000
3	5000
3	2000
3	7000
3	1000
3	2000
3	2000
3	3000
3	2000
3	2000
3	2000
3	2000
3	3000
3	3000
3	2000
3	1000
3	1000
3	4000
3	2000
3	3000
3	6000
3	1000
3	5000
3	2000
3	3000
3	3000
3	2000
3	5000
3	2000
3	5000
3	2000
3	1000
3	3000
3	3000
3	9000
3	2000
3	1000
3	5000
3	2000
3	4000
3	2000
3	4000
3	1000
3	3000
3	4000
3	6000
3	1000
3	4000
3	3000
3	6000
3	9000
3	3000
3	4000
3	2000
3	5000
3	8000
3	7000
3	2000
3	30000
3	3000
3	3000
3	3000
3	2000
3	2000
3	2000
3	2000
3	2000
3	6000
3	9000
3	2000
3	3000
3	2000
3	6000
3	2000
3	17000
3	3000
3	2000
3	4000
3	4000
3	4000
3	3000
3	1000
3	4000
3	2000
3	9000
3	2000
3	2000
3	1000
3	12000
3	2000
3	3000
3	4000
3	1000
3	2000
3	2000
3	10000
3	3000
3	2000
3	2000
3	2000
3	2000
3	3000
3	2000
3	3000
3	3000
3	2000
3	3000
3	2197
3	1000
3	3000
3	3000
3	3000
3	4000
3	1000
3	3000
3	2000
3	1000
3	3000
3	3000
3	2000
3	1000
3	5000
3	2000
3	2000
3	6000
3	12000
3	5000
3	7000
3	10000
3	4000
3	4000
3	10000
3	14000
3	5000
3	4000
3	3000
3	3000
3	3000
3	3000
3	2000
3	1000
3	9000
3	46000
3	14000
3	6000
3	5000
3	2000
3	4000
3	4000
3	1000
3	2000
3	2000
3	2000
3	2000
3	4000
3	3000
3	3000
3	3000
3	3000
3	9000
3	3000
3	2000
3	2000
3	6000
3	2000
3	2000
3	4000
3	4000
3	7000
3	1000
3	7000
3	8000
3	2000
3	6000
3	3000
3	3000
3	5000
3	10000
3	2000
3	4000
3	17000
3	2000
3	2000
3	6000
3	3000
3	6000
3	13000
3	2000
3	2000
3	2000
3	3000
3	3000
3	4000
3	5000
7	3000
7	2000
7	2000
7	6000
7	6000
7	2000
7	7000
7	100000
7	4000
7	2000
7	4000
7	3000
7	3000
7	9000
7	5000
7	5000
7	6000
7	4000
7	5000
7	2000
7	6000
7	2000
7	6000
7	5000
7	5000
7	1000
7	2000
7	3000
7	4000
7	2000
7	1000
7	49000
7	2000
7	2000
7	4000
7	3000
7	2000
7	6000
7	3000
7	2000
7	3000
7	2000
7	2000
7	2000
7	5000
7	2000
7	4000
7	5000
7	2000
7	4000
7	6000
7	5000
7	5000
7	5000
7	3000
7	2000
7	5000
7	2000
7	2000
7	2000
7	2000
7	2000
7	6000
7	2000
7	4000
7	3000
7	2000
7	3000
7	4000
7	4000
7	5000
7	1000
7	3000
7	6000
7	3000
7	2000
7	2000
7	5000
7	2000
7	5000
7	3000
7	4000
7	6000
7	3000
7	3000
7	6000
7	121000
7	2000
7	3000
7	3000
7	8000
7	2000
7	5000
7	5000
7	5000
7	6000
7	18000
7	22000
7	2000
7	4000
7	36000
7	22000
7	3000
7	79000
7	3000
7	2000
7	5000
7	4000
7	3000
7	6000
7	6000
7	3000
7	4000
7	2000
7	2000
7	6000
7	2000
7	8000
7	12000
7	4000
7	6000
7	7000
7	4000
7	3000
7	3000
7	1000
7	2000
7	3000
7	3000
7	2000
7	2000
7	5000
7	5000
7	3000
7	3000
7	1000
7	4000
7	7000
7	2000
7	5000
7	6000
7	10000
7	13000
7	13000
7	4000
7	2000
7	5000
7	3000
7	3000
7	5000
7	2000
7	3000
7	3000
7	5000
7	5000
7	4000
7	6000
7	3000
7	4000
7	2000
7	4000
7	2000
7	5000
7	6000
7	2000
7	7000
7	8000
7	3000
7	1000
7	6000
7	3000
7	2000
7	5000
7	2000
7	4000
7	35000
7	4000
7	43000
7	4000
7	4000
7	150000
7	10000
7	10000
7	2000
