label	length
10	2000
10	2000
10	3000
10	2000
10	3000
10	2000
10	3000
10	4000
10	2000
10	2000
10	2000
10	5000
10	2000
10	2000
10	2000
10	2000
10	3000
10	2000
10	2000
10	2000
10	2000
10	2000
10	3000
10	2000
10	3000
10	3000
10	6000
10	3000
10	3000
10	2000
10	4000
10	5000
10	2000
10	3000
10	3000
10	3000
10	2000
10	4000
10	2000
10	2000
10	2000
10	2000
10	2000
10	2000
10	6000
10	3000
10	2000
10	2000
10	3000
10	2000
10	5000
10	2000
10	2000
10	2000
10	2000
10	7000
10	2000
10	2000
10	8000
10	4000
10	3000
10	2000
10	4000
10	7000
10	2000
10	7000
10	3000
10	4000
10	4000
10	4000
10	3000
10	3000
10	4000
10	3000
10	2000
10	3000
10	2000
10	2000
10	2000
10	2000
10	2000
10	6000
10	2000
10	2000
10	2000
10	2000
10	3000
10	2000
10	2000
10	3000
10	7000
10	11000
10	2000
10	3000
10	2000
10	2000
10	3000
10	5000
10	6000
10	2000
10	2000
10	4000
10	4000
10	2000
10	2000
10	2000
10	6000
10	2000
10	3000
10	8000
10	3000
10	2000
10	2000
10	2000
10	2000
10	2000
10	7000
10	2000
10	2000
10	2000
10	2000
10	2000
10	7000
10	3000
10	2000
10	3000
10	3000
10	2000
10	2000
10	2000
10	2000
10	2000
10	2000
10	3000
14	4000
14	2000
14	3000
14	10000
14	1000
14	2000
14	3000
14	4000
14	7000
14	3000
14	4000
14	3000
14	2000
14	5000
14	3000
14	3000
14	2000
14	2000
14	3000
14	11000
14	2000
14	4000
14	5000
14	2000
14	3000
14	3000
14	4000
14	6000
14	3000
14	2000
14	2000
14	2000
14	2000
14	5000
14	2000
14	3000
14	3000
14	2000
14	2000
14	5000
14	2000
14	3000
14	3000
14	2000
14	2000
14	5000
14	2000
14	5000
14	2000
14	2000
14	10000
14	2000
14	2000
14	2000
14	2000
14	3000
14	3000
14	5000
14	7000
14	5000
14	2000
14	2000
14	5000
14	2000
14	2000
14	2000
14	2000
14	2000
14	11000
14	3000
14	5000
14	3000
14	2000
14	12000
14	4000
14	3000
14	3000
14	2000
14	8000
14	8000
14	5000
14	2000
14	2000
14	2000
14	8000
14	6000
14	2000
14	13000
14	2000
14	5000
14	2000
14	3000
14	2000
14	2000
14	2000
14	2000
14	3000
14	5000
14	2000
14	11000
14	3000
14	4000
14	2000
14	2000
14	5000
14	2000
14	29000
14	6000
14	5000
14	2000
14	2000
14	3000
14	12000
14	7000
14	2000
14	2000
14	3000
14	4000
14	4000
14	2000
14	4000
14	2000
14	2000
14	4000
14	2000
14	4000
14	2000
14	3000
14	5000
14	2000
14	3000
14	2000
14	2000
14	2000
14	5000
14	4000
14	2000
14	2000
14	2000
14	8000
14	22000
14	3000
14	2000
14	5000
14	2000
14	2000
14	2000
14	2000
14	2000
14	3000
14	2000
14	4000
14	2000
14	2000
14	2000
14	2000
14	4000
14	2000
14	3000
14	7000
14	3000
14	8000
14	2000
14	2000
14	2000
14	2000
14	6000
14	3000
14	3000
14	2000
14	2000
14	5000
14	2000
14	2000
14	3000
14	11000
14	5000
14	4000
14	6000
14	7000
14	4000
14	2000
14	4000
14	3000
14	2000
14	7000
14	5000
14	4000
14	2000
14	4000
14	5000
14	2000
14	2000
14	3000
14	6000
14	3000
14	3000
14	2000
14	14000
14	15000
14	8000
14	12000
14	2000
14	3000
14	2000
14	2000
14	6000
14	3000
14	9000
14	3000
14	2000
14	2000
14	2000
14	2000
14	2000
14	2000
14	2000
14	6000
14	5000
14	7000
14	2000
14	21000
14	3000
14	2000
14	6000
14	2000
14	2000
14	3000
14	3000
14	2000
14	2000
14	2000
14	12000
14	6000
14	6000
14	2000
14	2000
14	9000
14	4000
14	2000
14	5000
14	2000
4	2000
4	2000
4	2000
4	2000
4	3000
4	2000
4	2000
4	2000
4	2000
4	3000
4	3000
4	2000
4	2000
4	2000
4	2000
4	2000
4	4000
4	3000
4	2000
4	3000
4	2000
4	2000
4	3000
4	2000
4	3000
4	2000
4	2000
4	2000
4	2000
4	2000
4	2000
4	2000
4	2000
4	3000
4	2000
4	2000
4	2000
4	2000
4	2000
4	2000
4	3000
4	2000
4	2000
4	2000
4	2000
4	3000
4	2000
4	2000
4	2000
4	2000
4	2000
4	2000
4	3000
4	2000
4	4000
4	2000
4	2000
4	2000
4	2000
4	2000
4	4000
4	2000
4	2000
4	2000
4	2000
4	3000
4	2000
4	2000
4	2000
4	2000
4	2000
4	2000
4	2000
4	2000
4	2000
4	3000
4	2000
4	2000
4	2000
4	2000
4	2000
4	2000
4	2000
4	2000
4	3000
4	2000
4	2000
4	2000
4	2000
4	2000
4	2000
4	2000
4	2000
4	3000
4	2000
4	3000
4	2000
4	4000
4	2000
4	2000
4	2000
4	2000
4	2000
4	2000
4	4000
4	2000
4	2000
4	2000
8	2000
8	2000
8	2000
8	2000
8	2000
8	2000
8	2000
8	3000
8	5000
8	4000
8	2000
8	3000
8	2000
8	2000
8	2000
8	2000
8	2000
8	2000
8	3000
8	2000
8	2000
8	3000
8	2000
8	3000
8	4000
8	4000
8	2000
8	8000
8	6000
8	2000
8	2000
8	2000
8	2000
8	3000
8	3000
8	2000
8	3000
8	4000
8	5000
8	3000
8	2000
8	4000
8	3000
8	2000
8	2000
8	5000
8	5000
8	6000
8	6000
8	2000
8	2000
8	6000
8	3000
8	3000
8	2000
8	3000
8	3000
8	4000
8	15000
8	2000
8	3000
8	4000
8	4000
8	2000
8	3000
8	2000
8	3000
8	2000
8	3000
9	17000
9	4000
9	16000
9	9000
9	20000
9	2000
9	3000
9	21000
9	7000
9	2000
9	3000
9	3000
9	5000
9	8000
9	12000
9	4000
9	7000
9	9000
9	2000
9	5000
9	2000
9	10000
9	4000
9	6000
9	3000
9	3000
9	3000
9	10000
9	3000
9	25000
9	3000
9	9000
9	42000
9	5000
9	3000
9	10000
9	14000
9	7000
9	4000
9	2000
9	2000
9	2000
9	6000
9	10000
9	31000
9	9000
9	8000
9	13000
9	2000
9	15000
9	3000
9	12000
9	9000
9	12000
9	9000
9	34000
9	20000
9	2000
9	3000
9	3000
9	4000
9	6000
9	46000
9	38000
9	17000
9	5000
9	8000
9	10000
9	22000
9	6000
9	3000
9	5000
9	4000
9	2000
9	2000
9	25000
9	17000
9	4000
9	11000
9	6000
9	10000
9	6000
9	10000
9	6000
9	11000
9	23000
9	4000
9	8000
9	5000
9	12000
9	2000
9	2000
9	21000
9	2000
9	9000
9	2000
9	4000
9	2000
9	5000
9	1000
9	2000
9	5000
9	6000
9	2000
9	5000
9	2000
9	30000
9	18000
9	6000
9	6000
9	3000
9	24000
9	14000
9	66000
9	3000
9	19000
9	13000
9	16000
9	4000
9	3000
9	6000
9	8000
9	4000
9	11000
9	6000
9	2000
9	3000
9	9000
9	58000
9	22000
9	2000
9	2000
9	3000
9	12000
9	67000
9	4000
9	7000
9	5000
9	3000
9	2000
9	2000
9	6000
9	3000
9	7000
9	12000
9	7000
9	36000
9	2000
9	3000
9	4000
9	2000
9	16000
9	29000
9	3000
9	5000
9	20000
9	6000
9	7000
9	5000
9	3000
9	2000
9	9000
9	4000
9	2000
9	3000
9	2000
9	5000
9	2000
9	3000
9	12000
9	3000
9	3000
9	24000
9	10000
9	2000
9	2000
9	4000
9	2000
9	2000
9	2000
9	12000
9	20000
9	2000
9	4000
9	12000
9	9000
9	4000
9	18000
9	7000
9	18000
9	2000
9	9000
9	5000
9	2000
9	1000
9	13000
9	3000
9	4000
9	4000
9	3000
9	3000
9	4000
9	15000
9	5000
9	2000
9	2000
9	3000
9	2000
9	9000
9	12000
9	3000
9	10000
9	2000
9	1000
9	8000
9	4000
9	2000
9	12000
9	6000
9	7000
9	4000
9	2000
9	5000
9	8000
9	2000
9	2000
9	4000
2	5000
2	2000
2	4000
2	4000
2	5000
2	4000
2	6000
2	7000
2	4000
2	2000
2	3000
2	6000
2	3000
2	4000
2	4000
2	5000
2	6000
2	8000
2	7000
2	1000
2	1000
2	6000
2	10000
2	3000
2	1000
2	1000
2	3000
2	1000
2	2000
2	2000
2	2000
2	2000
2	1000
2	4000
2	3000
2	5000
2	1000
2	3000
2	2000
2	2000
2	2000
2	3000
2	3000
2	4000
2	1000
2	2000
2	2000
2	4000
2	1000
2	2000
2	1000
2	2000
2	6000
2	1000
2	3000
2	2000
2	1000
2	2000
2	3000
2	1000
2	3000
2	2000
2	4000
2	4000
2	4000
2	1000
2	2000
2	1000
2	3000
2	2000
2	3000
2	3000
2	3000
2	3000
2	5000
2	3000
2	5000
2	6048
2	1000
2	2000
2	4000
2	18000
2	3000
2	4000
2	2000
2	2000
2	5000
2	2000
2	2000
2	2000
2	4000
2	7000
2	3000
2	1000
2	5000
2	11000
2	1000
2	8000
2	5000
2	1000
2	6000
2	3000
2	3000
2	3000
2	7000
2	5000
2	9000
2	4000
2	2000
2	2000
2	4000
2	4000
2	3000
2	3000
2	5000
2	4000
2	6000
2	2000
2	5000
2	6000
2	3000
2	2000
2	3000
2	2000
2	8000
2	2000
2	5000
2	3000
2	4000
2	3000
2	2000
2	5000
2	2000
2	3000
2	2000
2	4000
2	4000
2	9000
2	1000
2	2000
2	17000
2	3000
2	6000
2	4000
2	3000
2	1000
2	5000
2	2000
2	7000
2	3000
2	2000
2	2000
2	7000
2	6000
2	2000
2	1000
2	5000
2	4000
2	4000
2	5000
2	3000
2	2000
2	4000
2	1000
2	8000
2	6000
2	6000
2	5000
2	592
2	4000
2	2000
2	3000
2	2000
2	1000
2	5000
2	3000
2	3000
2	4000
2	2000
2	4000
2	3000
2	2000
2	3000
2	3000
2	2000
2	4000
2	4000
2	2000
2	3000
2	3000
2	11000
2	1000
2	1000
2	2000
2	3000
2	2000
2	6000
2	5000
2	3000
2	7000
2	4000
2	3000
2	10000
2	3000
2	2000
2	2000
2	3000
2	2000
2	4000
2	4000
2	6000
2	2000
2	4000
2	13000
2	6000
2	7000
2	6000
2	10000
2	5000
2	2000
2	3000
2	9000
2	5000
2	1000
2	8000
2	1000
2	6000
2	6000
2	4000
2	5000
2	2000
2	4000
2	3000
2	4000
2	8000
2	1000
2	4000
2	4000
2	1000
2	3000
2	1000
2	3000
2	4000
2	3000
2	2000
2	2000
2	5000
2	8000
2	1000
2	4000
2	3000
2	4000
2	1000
2	2000
2	3000
2	3000
2	4000
2	8000
2	3000
2	4000
2	3000
2	1000
2	2000
2	2000
2	3000
2	2000
2	2000
2	2000
2	3000
2	4000
2	2000
2	2000
2	2000
2	7000
2	2000
2	1000
2	1000
2	3000
2	3000
2	2000
2	2000
2	4000
2	6000
2	5000
2	3000
2	2000
2	3000
2	4000
2	2000
2	1000
2	8000
2	4000
2	2000
2	3000
2	2000
2	4000
2	1000
2	2000
2	8000
2	1000
2	3000
2	3000
2	4000
2	2000
2	2000
2	5000
2	3000
2	4000
2	2000
2	3000
2	4000
2	4000
2	4000
2	8000
2	3000
2	6000
2	10000
2	3000
2	5000
2	3000
2	3000
2	4000
2	1000
2	2000
2	5000
2	1000
2	2000
2	4000
2	3000
2	2000
2	4000
2	2000
2	4000
2	3000
2	6000
2	2000
2	3000
2	3000
2	5000
2	2000
2	3000
2	4000
2	3000
2	3000
2	3000
2	3000
2	7000
2	2000
2	4000
2	4000
2	3000
2	8000
2	11000
2	3000
2	2000
2	11000
2	2000
2	3000
2	3000
2	3000
2	7000
2	5000
2	3000
2	3000
2	2000
2	6000
2	2000
2	10000
2	2000
2	1000
2	2000
2	6000
2	3000
2	1000
2	1000
2	4000
2	2000
2	2000
2	3000
2	4000
2	3000
2	4000
2	4000
2	2000
2	2000
2	2000
2	4000
2	6000
2	2000
2	2000
2	5000
2	3000
2	3000
2	5000
2	3000
2	3000
2	3000
2	3000
2	1000
2	2000
2	6000
2	3000
2	1000
2	2000
2	4000
2	2000
2	4000
2	3000
2	4000
2	1000
2	3000
2	4000
2	3000
2	2000
2	2000
2	4000
2	5000
2	3000
2	6000
2	1000
2	1000
2	2000
2	3000
2	1000
2	3000
2	4000
2	8000
2	2000
2	2000
2	1000
2	5000
2	2000
2	2000
2	1000
2	2000
2	4000
2	3000
2	1
2	2000
2	2000
2	2000
2	2000
2	2000
2	6000
2	1000
2	1000
2	2000
2	2000
2	1000
2	2000
2	2000
2	2000
2	1000
2	3000
2	3000
2	1000
2	2000
2	2000
2	2000
2	3000
2	3000
2	1000
2	1000
2	2000
2	2000
2	4000
2	2000
2	2000
2	1000
2	5000
2	2000
2	2000
2	1000
2	2000
2	5000
2	3000
2	2000
2	3000
2	2000
2	3000
2	2000
2	2000
2	7000
2	3000
2	2000
2	3000
2	4000
2	3000
2	3000
2	2000
2	4000
2	3000
2	2000
2	2000
2	2000
2	1000
2	4000
2	2000
2	3000
2	3000
2	6000
2	6000
2	3000
2	3000
2	2000
2	2000
2	4000
2	7000
2	4000
2	3000
2	5000
2	2000
2	6000
2	5000
2	3000
2	2000
2	3000
2	2000
2	2000
2	3000
2	3000
2	1000
2	2000
2	4000
2	7000
2	12000
2	2000
2	13000
2	9000
2	7000
2	6000
2	5000
2	1000
2	5000
2	6000
2	3000
2	2000
2	1000
2	6000
2	3000
2	3000
2	8000
2	4000
2	11000
2	7000
2	2000
2	3000
2	3000
2	2000
2	9000
2	4000
2	3000
2	2000
2	5000
2	11000
2	3000
2	2000
2	4000
2	3000
2	6000
2	3000
2	3000
2	2000
2	3000
2	3000
2	5000
2	2000
2	3000
2	2000
2	3000
2	3000
2	5000
2	6000
2	3000
2	4000
2	3000
2	9000
2	5000
2	7000
2	4000
2	2000
2	6000
2	3000
2	2000
2	6000
2	1000
2	4000
2	7000
2	3000
2	4000
2	4000
2	3000
2	2000
2	2000
2	2000
2	2000
2	1000
2	3000
2	3000
2	2000
2	2000
2	9000
2	3000
2	10000
2	6000
2	3000
2	3000
2	3000
2	8000
2	2000
2	1000
2	2000
2	3000
2	2000
2	3000
2	10000
2	2000
2	3000
2	2000
2	2000
2	3000
2	3000
2	2000
2	3000
2	1000
2	1000
2	2000
2	2000
2	5000
2	6000
2	4000
2	2000
2	1000
2	2000
2	2000
2	2000
2	1000
2	3000
2	2000
2	4000
2	3000
2	3000
2	4000
2	6000
2	2000
2	3000
2	2000
2	3000
2	2000
2	4000
2	1000
2	2000
2	5000
2	7000
2	1000
2	1000
2	4000
2	1000
2	3000
2	1000
2	4000
2	2000
2	3000
2	2000
2	3000
2	3000
2	2000
2	4000
2	5000
2	1000
2	1000
2	2000
2	2000
2	2000
2	3000
2	3000
2	3000
2	3000
2	2000
2	3000
2	6000
2	3000
2	2000
2	1000
2	2000
2	2000
2	2000
2	10000
2	2000
2	1000
2	2000
2	1000
2	3000
2	2000
2	5000
2	2000
2	4000
2	3000
2	4000
2	8000
2	4000
2	3000
2	2000
2	2000
2	2000
2	1000
2	6000
2	12000
2	3000
2	4000
2	4000
2	3000
2	7000
2	13000
2	8000
2	6000
2	3000
2	1000
2	5000
2	3000
2	3000
2	2000
2	1000
2	2000
2	3000
2	1000
2	1000
2	3000
2	2000
2	3000
2	6000
2	8000
2	4000
2	3000
2	7000
2	2000
2	2000
2	4000
2	3000
2	1000
2	1000
2	3000
2	2000
2	3000
2	2000
2	2000
2	4000
2	4000
2	3000
2	4000
2	7000
2	3000
2	4000
2	8000
2	10000
2	2000
2	1000
2	3000
2	1000
2	1000
2	4000
2	3000
2	8000
2	5000
2	3000
2	3000
2	2000
2	7000
2	9000
2	10000
2	6000
2	5000
2	2000
2	4000
2	4000
2	4000
2	6000
2	4000
2	8000
2	2000
2	9000
2	22000
2	3000
2	3000
2	7000
2	4000
2	2000
2	3000
2	4000
2	5000
2	2000
2	2000
2	6000
2	1000
2	2000
2	6000
2	7000
2	3000
2	3000
2	7000
2	6000
2	2000
2	1000
2	1000
2	4000
2	1000
2	7000
2	2000
2	1000
2	1000
2	3000
2	6000
2	4000
2	2000
2	3000
2	5000
2	6000
2	10000
2	2000
2	10000
2	4000
2	1000
2	5000
2	4000
2	4000
2	4000
2	4000
2	2000
2	3000
2	2000
2	4000
2	3000
2	2000
2	4000
2	2000
2	2000
2	2000
2	3000
2	2000
2	4000
2	1000
2	2000
2	3000
2	3000
2	4000
2	3000
2	2000
2	3000
2	12000
2	2000
2	2000
2	6000
2	9000
2	5000
2	3000
2	2000
2	4000
2	2000
2	6000
2	2000
2	4000
2	3000
2	9000
2	3000
2	4000
2	2000
2	3000
2	2000
2	4000
2	4000
2	4000
2	2000
2	4000
2	5000
2	3000
2	4000
2	3000
2	2000
2	2000
2	7000
2	11000
2	5000
2	5000
2	4000
2	2000
2	2000
2	4000
2	2000
2	2000
2	3000
2	4000
2	7000
2	8000
2	3000
2	2000
2	3000
2	3000
2	4000
2	3000
2	2000
2	4000
2	2000
2	4000
2	6000
2	2000
2	4000
2	2000
2	3000
2	2000
2	4000
2	2000
2	4000
2	2000
2	5000
2	2000
2	1000
2	7000
2	2000
2	7000
2	3000
2	2000
2	10000
2	4000
2	9000
2	12000
2	2000
2	4000
2	3000
2	2000
2	6000
2	4000
2	2000
2	5000
2	12000
2	2000
2	3000
2	5000
2	4000
2	3000
2	8000
2	2000
2	2000
2	2000
2	3000
2	2000
2	1000
2	2000
2	2000
2	3000
2	1000
2	3000
2	2000
2	1000
2	1000
2	1000
2	1000
2	2000
2	1000
2	2000
2	2000
2	3000
2	4000
2	1000
2	2000
2	3000
2	3000
2	1000
2	1000
2	3000
2	2000
2	1000
2	2000
2	2000
2	3000
2	2000
2	2000
2	4000
2	4000
2	2000
2	2000
2	5000
2	4000
2	5000
2	3000
2	3000
2	4000
2	1000
2	2000
2	3000
2	3000
2	5000
2	3000
2	3000
2	4000
2	4000
2	3000
2	6000
2	5000
2	3000
2	4000
2	1000
2	5000
2	4000
2	4000
2	1000
2	3000
2	7000
2	3000
2	7000
2	5000
2	2000
2	8000
2	5000
2	6000
2	3000
2	3000
2	10000
2	7000
2	2000
2	2000
2	3000
2	2000
2	1000
2	3000
2	3000
2	2000
2	2000
2	3000
2	3000
2	2000
2	6000
2	1000
2	3000
2	4000
2	4000
2	3000
2	1000
2	3000
2	10000
2	7000
2	6000
2	2000
2	3000
2	6000
2	4000
2	2000
2	2000
2	5000
2	4000
2	2000
2	2000
2	2000
2	6000
2	2000
2	3000
2	5000
2	2000
2	2000
2	8000
2	4000
2	5000
2	11000
2	5000
2	2000
2	6000
2	3000
2	6000
2	2000
2	2000
2	6000
2	4000
2	6000
2	2000
2	2000
2	2000
2	4000
2	3000
2	4000
2	2000
2	3000
2	5000
2	2000
2	9000
2	3000
2	6000
2	3000
2	3000
2	5000
2	3000
2	3000
2	3000
2	4000
2	2000
2	2000
2	2000
2	12000
2	5000
2	2000
2	3000
2	4000
2	4000
2	2000
2	2000
2	2000
2	2000
2	10000
2	6000
2	3000
2	1000
2	7000
2	3000
2	3000
2	1000
2	2000
2	6000
2	2000
2	4000
2	18000
2	1000
2	3000
2	1000
2	2000
2	2000
2	4000
2	3000
2	7000
2	4000
2	2000
2	3000
2	16000
2	7000
2	5000
2	3000
2	4000
2	5000
2	5000
2	3000
2	2000
2	6000
2	1000
2	7000
2	2000
2	1000
2	5000
2	2000
2	3000
2	2000
2	2000
2	6000
2	4000
2	4000
2	4991
2	2000
2	2000
2	2000
2	2000
2	2000
2	2000
2	3000
2	10000
2	9000
2	2000
2	1000
2	4000
2	5000
2	3000
2	2000
2	6000
2	2000
2	4000
2	2000
2	8000
2	5000
2	6000
2	6000
2	6000
2	1000
2	4000
2	2000
2	4000
2	4000
2	6000
2	9000
2	1000
2	5000
2	2000
2	4000
2	2000
2	2000
2	2000
2	4000
2	3000
2	4000
2	7000
2	3000
2	3000
2	4000
2	2000
2	6000
2	2000
2	3000
2	2000
2	3000
2	2000
2	3000
2	5000
2	2000
2	2000
2	3000
2	3000
2	9000
2	4000
2	1000
2	4000
2	6000
2	2000
2	2000
2	6000
2	3000
2	2000
2	9000
2	4000
2	5000
2	1000
2	6000
2	9000
2	1000
2	2000
2	1000
2	3000
2	2000
2	2000
2	1000
2	3000
2	3000
2	13000
2	2000
2	3000
2	7000
2	4000
2	5000
2	4000
2	6000
2	7000
2	3000
2	7000
2	12000
2	5000
2	1000
2	7000
2	4000
2	3000
2	3000
2	2000
2	2000
2	3000
2	7000
2	3000
2	12000
2	11000
2	1000
2	3000
2	10000
2	3000
2	4000
2	2000
2	2000
2	7000
2	6000
2	5000
2	7000
2	4000
2	8000
2	4000
2	3000
2	3000
2	4000
2	3000
2	2000
2	3000
2	2000
2	2000
2	2000
2	3000
2	4000
2	2000
2	2000
2	7000
2	1000
2	4000
2	3000
2	4000
2	4000
2	2000
2	6000
2	2000
2	1000
2	3000
2	2000
2	3000
2	2000
2	3000
2	1000
2	3000
2	3000
2	2000
2	3000
2	2000
2	3000
2	2000
2	6000
2	3000
2	1000
2	1000
2	1000
2	2000
2	3000
2	7000
2	3000
2	5000
2	2000
2	5000
2	7000
2	2000
2	8000
2	3000
2	2000
2	4000
2	3000
2	2000
2	6000
2	2000
2	3000
2	4000
2	6000
2	4000
2	3000
2	5000
2	5000
2	13000
2	15000
2	4000
2	3000
2	9000
2	3000
2	6000
2	3000
2	6000
2	2000
2	4000
2	2000
2	3000
2	3000
2	1000
2	27000
2	4000
2	4000
2	5000
2	9000
2	2000
2	8000
2	2000
2	6000
2	2000
2	5000
2	3000
2	5000
2	3000
2	7000
2	7000
2	4000
2	6000
2	7000
2	7000
2	2000
2	7000
2	3000
2	3000
2	4000
2	2000
2	3000
2	2000
2	3000
2	6000
2	2000
2	3000
2	2000
2	3000
2	1000
2	2000
2	2000
2	2000
2	2000
2	2000
2	6000
2	2000
2	3000
2	2000
2	3000
2	4000
2	2000
2	4000
2	4000
2	10000
2	6000
2	2000
2	3000
2	10000
2	3000
2	4000
2	3000
2	9000
2	3000
2	3000
2	2000
2	6000
2	4000
2	3000
2	2000
2	2000
2	9000
2	5000
2	3000
2	3000
2	5000
2	5000
2	2000
2	1000
2	6000
2	1000
2	5000
2	4000
2	5000
2	5000
2	8000
2	2000
2	4000
2	15000
2	3000
2	1000
2	3000
2	6000
2	15000
2	6000
2	7000
2	5000
2	3000
2	8000
2	8000
2	7000
2	3000
2	4000
2	3000
2	12000
2	4000
2	11000
2	4000
2	2000
2	6000
2	3000
2	3000
2	14000
2	9000
2	27000
2	4000
2	9000
2	5000
2	5000
2	4000
2	3000
2	4000
2	2000
2	2000
2	8000
2	5000
2	3000
2	9000
2	5000
2	9000
2	7000
2	4000
2	6000
2	3000
2	6000
2	2000
2	4000
2	12000
2	5000
2	3000
2	2000
2	11000
2	9000
2	5000
2	5000
2	2000
2	13000
2	2000
2	1000
2	3000
2	3000
2	2000
2	2000
2	3000
2	5000
2	3000
2	4000
2	9000
2	3000
2	4000
2	11000
2	3000
2	5000
2	3000
2	3000
2	1000
2	6000
2	5000
2	2000
2	6000
2	2000
2	20000
2	17000
2	12000
2	6000
2	6000
2	4000
2	2000
2	5000
2	7000
2	4000
2	1000
2	4000
2	8000
2	8000
2	4000
2	3000
2	4000
2	8000
2	6000
2	11000
2	6000
2	8000
2	2000
2	7000
2	4000
2	3000
2	2000
2	11000
2	6000
2	2000
2	5000
2	2000
2	3000
2	2000
2	4000
2	15000
2	2000
2	2000
2	3000
2	6000
2	3000
2	2000
2	2000
2	7000
2	10000
2	13000
2	9000
2	12000
2	5000
2	9000
2	11000
2	2000
2	7000
2	9000
2	7000
2	6000
2	10000
2	2000
2	9000
2	4000
2	2000
2	7000
2	9000
2	7000
2	8000
2	6000
2	4000
2	2000
2	7000
2	7000
2	5000
2	11000
2	7000
2	4000
2	4000
2	5000
2	8000
2	5000
2	10000
2	5000
2	2000
2	13000
2	3000
2	2000
2	5000
2	3000
2	8000
2	1000
2	5000
2	2000
2	10000
2	4000
2	3000
2	3000
2	2000
2	3000
2	4000
2	4000
2	2000
2	4000
2	10000
2	2000
2	2000
2	2000
2	5000
2	2000
2	2000
2	2000
2	4000
2	2000
2	3000
2	3000
2	2000
2	5000
2	5000
2	2000
2	2000
2	1000
2	3000
2	2000
2	2000
2	2000
2	4000
2	4000
2	3000
2	4000
2	6000
2	5000
2	4000
2	1000
2	4000
2	12000
2	4000
2	4000
2	4000
2	4000
2	1000
2	1000
2	4000
2	12000
2	10000
2	4000
2	2000
2	2000
2	5000
2	4000
2	1000
2	3000
2	2000
2	3000
2	9000
2	7000
2	4000
2	3000
2	3000
2	6000
2	4000
2	2000
2	5000
2	9000
2	4000
2	2000
2	4000
2	5000
2	3000
2	8000
2	4000
2	2000
2	6000
2	3000
2	9000
2	2000
2	9000
2	4000
2	3000
2	5000
2	3000
2	6000
2	16000
2	1000
2	1000
2	6000
2	4000
2	9000
2	6000
2	6000
2	3000
2	1000
2	1000
2	5000
2	4000
2	14000
2	1000
2	17000
2	2000
2	2000
2	8000
2	4000
2	7000
2	7000
2	3000
2	8000
2	1000
2	3000
2	4000
2	3000
2	2000
2	9000
2	1000
2	2000
2	3000
2	4000
2	2000
2	4000
2	4000
2	2000
2	3000
2	1000
2	2000
2	3000
2	2000
2	8000
2	2000
2	1000
2	4000
2	1000
2	2000
2	6000
2	2000
2	4000
2	3000
2	2000
2	2000
2	3000
2	3000
2	3000
2	1000
2	6000
2	2000
2	2000
2	2000
2	4000
2	4000
2	2000
2	1000
2	3000
2	3000
2	1000
2	7000
2	2000
2	3000
2	4000
2	5000
2	3000
2	2000
2	1000
2	3000
2	4000
2	1000
2	4000
2	2000
2	4000
2	6000
2	6000
2	3000
2	4000
2	4000
2	4000
2	6000
2	15000
2	3000
2	2000
2	4000
2	3000
2	6000
2	10000
2	9000
2	7000
2	7000
2	2000
2	25000
2	3000
2	6000
2	3000
2	7000
2	7000
2	2000
2	3000
2	3000
2	7000
2	5000
2	4000
2	1000
2	3000
2	9000
2	4000
2	2000
2	2000
2	3000
2	3000
2	4000
2	2000
2	2000
2	2000
2	4000
2	2000
2	3000
2	3000
2	1000
2	5000
2	3000
2	7000
2	2000
2	3000
2	2000
2	3000
2	3000
2	4000
2	2000
2	3000
2	2000
2	2000
2	3000
2	4000
2	1000
2	2000
2	2000
2	3000
2	5000
2	6000
2	5000
2	2000
0	2000
0	2000
0	2000
0	3000
0	2000
0	2000
0	2000
0	3000
0	2000
0	2000
0	2000
0	2000
0	3000
0	3000
0	2000
0	4000
0	8000
0	2000
0	4000
0	2000
0	2000
0	2000
0	3000
0	2000
0	2000
0	3000
0	3000
0	7000
0	2000
0	2000
0	2000
0	2000
0	2000
0	2000
0	2000
0	3000
0	2000
0	2000
0	3000
0	2000
0	2000
0	2000
0	2000
0	2000
0	2000
0	3000
0	2000
0	3000
0	2000
0	2000
0	2000
0	2000
0	3000
0	2000
0	3000
0	2000
0	2000
0	2000
0	2000
0	2000
0	3000
0	2000
0	2000
0	2000
0	2000
0	2000
0	3000
0	2000
0	2000
0	2000
0	2000
0	2000
0	2000
0	2000
0	2000
0	2000
0	2000
0	3000
0	2000
0	2000
0	2000
0	2000
0	2000
0	2000
0	2000
0	2000
0	2000
0	4000
0	2000
0	2000
0	2000
0	2000
0	9000
0	3000
0	2000
0	2000
0	2000
0	2000
0	2000
0	2000
0	2000
0	2000
0	3000
0	2000
0	5000
0	4000
0	2000
0	2000
0	2000
0	2000
0	2000
0	2000
0	2000
0	5000
0	2000
0	2000
0	2000
0	2000
0	2000
0	4000
0	2000
0	2000
0	2000
0	4000
0	3000
0	5000
0	2000
0	2000
0	2000
0	2000
0	3000
0	3000
0	2000
0	2000
0	3000
0	2000
0	2000
0	2000
0	2000
0	3000
0	2000
0	2000
0	3000
0	2000
0	2000
0	2000
0	5000
0	2000
0	2000
0	2000
0	2000
0	2000
0	2000
0	2000
0	3000
0	2000
0	2000
0	2000
0	3000
0	2000
0	2000
0	2000
0	2000
0	2000
0	4000
0	5000
0	3000
0	3000
0	2000
0	2000
0	2000
0	2000
0	2000
0	2000
0	2000
0	2000
0	2000
0	2000
0	2000
0	4000
0	3000
0	2000
0	2000
0	2000
0	2000
0	2000
0	2000
0	4000
0	2000
0	2000
0	2000
0	2000
0	4000
0	3000
0	2000
0	4000
0	2000
0	1590
1	6000
1	11000
1	5000
1	2000
1	2000
1	2000
1	6000
1	4000
1	8000
1	6000
1	5000
1	4000
1	2000
1	4000
1	5000
1	2000
1	4000
1	3000
1	2000
1	5000
1	9000
1	5000
1	2000
1	14000
1	2000
1	5000
1	10000
1	5000
1	3000
1	4000
1	3000
1	2000
1	3000
1	2000
1	2000
1	2000
1	2000
1	4000
1	5000
1	10000
1	2000
1	4000
1	7000
1	9000
1	14000
1	2000
1	2000
1	4000
1	9000
1	6000
1	2000
1	2000
1	2000
1	3000
1	2000
1	2000
1	10000
1	2000
1	3000
1	2000
1	16000
1	19000
1	7000
1	3000
1	11000
1	2000
1	2000
1	2000
1	2000
1	4000
1	2000
1	2000
1	3000
1	3000
1	17000
1	6000
1	5000
1	3000
1	6000
1	12000
1	2000
1	9000
1	4000
1	2000
1	2000
1	2000
1	3000
1	2000
1	3000
1	2000
1	3000
1	3000
1	2000
1	8000
1	2000
1	6000
1	3000
1	2000
1	2000
1	2000
1	3000
1	3000
1	3000
1	2000
1	16000
1	2000
1	5000
1	2000
1	4000
1	5000
1	3000
1	15000
1	5000
1	6000
1	2000
1	8000
1	17000
1	4000
1	3000
1	4000
1	3000
1	3000
1	8000
1	2000
1	7000
1	2000
1	5000
1	2000
1	2000
1	2000
1	3000
1	3000
1	2000
1	2000
1	2000
1	2000
3	2000
3	8000
3	5000
3	6000
3	6000
3	2000
3	2000
3	3000
3	1000
3	1000
3	1000
3	2000
3	3000
3	2000
3	3000
3	4000
3	1000
3	1000
3	8000
3	16000
3	1000
3	11000
3	6000
3	1000
3	3000
3	8000
3	14000
3	11000
3	15000
3	3000
3	4000
3	7000
3	1000
3	3000
3	2000
3	2000
3	8000
3	9000
3	4000
3	3000
3	3000
3	3000
3	11000
3	1000
3	3000
3	23000
3	14000
3	6000
3	15000
3	21000
3	11000
3	1000
3	7000
3	3000
3	3000
3	2000
3	3000
3	10000
3	3000
3	4000
3	5000
3	13000
3	7000
3	6000
3	3000
3	5000
3	10000
3	4000
3	4000
3	3000
3	2000
3	3000
3	8000
3	2000
3	2000
3	2000
3	1000
3	8000
3	5000
3	2000
3	2000
3	10000
3	7000
3	3000
3	4000
3	3000
3	2000
3	4000
3	2000
3	3000
3	2000
3	1000
3	3000
3	7000
3	3000
3	6000
3	4000
3	6000
3	3000
3	3000
3	4000
3	4000
3	2000
3	3000
3	3000
3	5000
3	4000
3	6000
3	4000
3	4000
3	2000
3	2000
3	7000
3	3000
3	3000
3	3000
3	3000
3	5000
3	11000
3	3000
3	4000
3	2000
3	6000
3	4000
3	3000
3	5000
3	5000
3	2000
3	3000
3	3000
3	3000
3	2000
3	2000
3	4000
3	2000
3	4000
3	2000
3	3000
3	4000
3	1000
3	2000
3	3000
3	5000
3	4000
3	1000
3	3000
3	2000
3	2000
3	3000
3	3000
3	4000
3	4000
3	2000
3	2000
3	2000
3	2000
3	6000
3	2000
3	2000
3	3000
3	2000
3	4000
3	8000
3	2000
3	4000
3	4000
3	4000
3	4000
3	3000
3	5000
3	4000
3	2000
3	6000
3	2000
3	2000
3	3000
3	4000
3	2000
3	2000
3	2000
3	2000
3	2000
3	11000
3	5000
3	2000
3	2000
3	2000
3	4000
3	3000
3	2000
3	2000
3	4000
3	3000
3	4000
3	2000
3	2000
3	3000
3	1000
3	10000
3	3000
3	1000
3	6000
3	4000
3	3000
3	3000
3	4000
3	2000
3	2000
3	7000
3	1000
3	4000
3	2000
3	1000
3	6000
3	2000
3	1000
3	8000
3	2000
3	3000
3	6000
3	5000
3	4000
3	3000
3	4000
3	5000
3	3000
3	2000
3	1000
3	3000
3	6000
3	1000
3	12000
3	4000
3	2000
3	7000
3	1000
3	3000
3	3000
3	1000
3	6000
3	3000
3	3000
3	5000
3	5000
3	3000
3	8000
3	4000
3	3000
3	3000
3	1000
3	1000
3	7000
3	3000
3	4000
3	5000
3	1000
3	2000
3	3000
3	3000
3	1000
3	3000
3	2000
3	2000
3	1000
3	3000
3	4000
3	1000
3	2000
3	5000
3	2000
3	4000
3	4000
3	5000
3	8000
3	2000
3	3000
3	5000
3	5000
3	2000
3	2000
3	2000
3	4000
3	3000
3	2000
3	1000
3	3000
3	3000
3	1000
3	2000
3	2000
3	2000
3	2000
3	2000
3	2000
3	2000
3	1000
3	3000
3	4000
3	1000
3	3000
3	3000
3	2000
3	3000
3	5000
3	2000
3	3000
3	3000
3	8000
3	1000
3	2000
3	4000
3	4000
3	2000
3	5000
3	3000
3	4000
3	10000
3	2000
3	2000
3	3000
3	4000
3	2000
3	6000
3	2000
3	3000
3	1000
3	4000
3	3000
3	3000
3	14000
3	2000
3	7000
3	3000
3	3000
3	4000
3	1000
3	4000
3	5000
3	2000
3	2000
3	4000
3	7000
3	2000
3	5000
3	10000
3	4000
3	4000
3	3000
3	6000
3	3000
3	3000
3	5000
3	4000
3	5000
3	4000
3	17000
3	4000
3	8000
3	8000
3	2000
3	7000
3	3000
3	5000
3	14000
3	6000
3	4000
3	19000
3	3000
3	15000
3	4000
3	3000
3	2000
3	7000
3	7000
3	5000
3	5000
3	3000
3	3000
3	5000
3	3000
3	1000
3	10000
3	6000
3	22000
3	5000
3	9000
3	5000
3	4000
3	4000
3	3000
3	3000
3	6000
3	2000
3	3000
3	3000
3	7000
3	2000
3	1000
3	4000
3	11000
3	5000
3	3000
3	14000
3	1000
3	7000
3	20000
3	10000
3	4000
3	9000
3	13000
3	5000
3	9000
3	3000
3	7000
3	3000
3	4000
3	6000
3	8000
3	2000
3	4000
3	12000
3	3000
3	4000
3	10000
3	2000
3	4000
3	2000
3	3000
3	3000
3	6000
3	13000
3	4000
3	6000
3	7000
3	5000
3	4000
3	3000
3	3000
3	6000
3	2000
3	1000
3	6000
3	1000
3	2000
3	2000
3	5000
3	3000
3	3000
3	4000
3	3000
3	1000
3	1000
3	3000
3	2000
3	3000
3	5000
3	3000
3	3000
3	1000
3	3000
3	2000
3	2000
3	3000
3	6000
3	2000
3	3000
3	7000
3	4000
3	6000
3	2000
3	4000
3	2000
3	7000
3	2000
3	3000
3	7000
3	8000
3	4000
3	1000
3	4000
3	8000
3	1000
3	2000
3	3000
3	7000
3	2000
3	2000
3	2000
3	12000
3	3000
3	2000
3	6000
3	2000
3	4000
3	3000
3	2000
3	6000
3	4000
3	3000
3	2000
3	2000
3	1000
3	4000
3	6000
3	5000
3	8000
3	3000
3	3000
3	2000
3	4000
3	6000
3	4000
3	2000
3	1000
3	7000
3	3000
3	3000
3	3000
3	6000
3	6000
3	8000
3	3000
3	3000
3	1000
3	2000
3	3000
3	2000
3	3000
3	2000
3	8000
3	1000
3	5000
3	2000
3	1000
3	4000
3	4000
3	5000
3	4000
3	5000
3	17000
3	1000
3	2000
3	6000
3	4000
3	3000
3	2000
3	4000
3	4000
3	4000
3	4000
3	2000
3	6000
3	2000
3	3000
3	1000
3	5000
3	3000
3	5000
3	13000
3	2000
3	4000
3	1000
3	2000
3	1000
3	1000
3	2000
3	1000
3	3000
3	10000
3	3000
3	11000
3	13000
3	3000
3	5000
3	3000
3	3000
3	3000
3	23000
3	4000
3	7000
3	3000
3	2000
3	3000
3	3000
3	4000
3	6000
3	4000
3	4000
3	9000
3	2000
3	4000
3	11000
3	11000
3	9000
3	4000
3	3000
3	4000
3	4000
3	1000
3	4000
3	13000
3	2000
3	4000
3	4000
3	3000
3	2000
3	3000
3	6000
3	5000
3	8000
3	6000
3	3000
3	8000
3	3000
3	2000
3	3000
3	2000
3	2000
3	9000
3	6000
3	3000
3	4000
3	5000
3	12000
3	3000
3	8000
3	2000
3	1000
3	7000
3	6000
3	1000
3	2000
3	4000
3	1000
3	5000
3	2000
3	3000
3	4000
3	11000
3	3000
3	3000
3	3000
3	3000
3	3000
3	3000
3	3000
3	10000
3	3000
3	3000
3	2000
3	5000
3	5000
3	3000
3	1000
3	1000
3	4000
3	2000
3	5000
3	5000
3	5000
3	6000
3	6000
3	4000
3	2000
3	2000
3	3000
3	3000
3	7000
3	5000
3	3000
3	3000
3	4000
3	1000
3	1000
3	2000
3	8000
3	4000
3	2000
3	3000
3	3000
3	2000
3	5000
3	3000
3	2000
3	1000
3	3000
3	3000
3	6000
3	3000
3	2000
3	5000
3	7000
3	2000
3	1000
3	1000
3	6000
3	4000
3	3000
3	3000
3	5000
3	2000
3	8000
3	2000
3	2000
3	2000
3	4000
3	2000
3	3000
3	3000
3	2000
3	2000
3	3000
3	2000
3	13000
3	3000
3	4000
3	4000
3	5000
3	3000
3	5000
3	2000
3	6000
3	4000
3	2000
3	2000
3	2000
3	4000
3	3000
3	2000
3	3000
3	7000
3	4000
3	4000
3	5000
3	4000
3	1000
3	7000
3	4000
3	3000
3	2000
3	3000
3	4000
3	1000
3	2000
3	4000
3	3000
3	3000
3	6000
3	9000
3	3000
3	3000
3	2000
3	2000
3	1000
3	4000
3	2000
3	3000
3	1000
3	3000
3	2000
3	5000
3	6000
3	1000
3	3000
3	2000
3	9000
3	2000
3	4000
3	2000
3	2000
3	1000
3	2000
3	5000
3	2000
3	2000
3	3000
3	5000
3	2000
3	6000
3	2000
3	2000
3	3000
3	6000
3	2000
3	3000
3	7000
3	2000
3	3000
3	2000
3	2000
3	2000
3	2000
3	4000
3	3000
3	2000
3	2000
3	1000
3	1000
3	6000
3	3000
3	2000
3	3000
3	3000
3	1000
3	5000
3	3000
3	3000
3	5000
3	5000
3	2000
3	2000
3	3000
3	20000
3	5000
3	5000
3	4000
3	27000
3	6000
3	14000
3	10000
3	11000
3	2000
3	1000
3	12000
3	11000
3	8000
3	3000
3	51000
3	8000
3	11000
3	12000
3	8000
3	8000
3	6000
3	13000
3	4000
3	17000
3	4000
3	12000
3	23000
3	6000
3	22000
3	11000
3	20000
3	9000
3	19000
3	4000
3	19000
3	3000
3	2000
3	4000
3	1000
3	1000
3	2000
3	3000
3	3000
3	1000
3	10000
3	2000
3	1000
3	4000
3	6000
3	6000
3	5000
3	2000
3	5000
3	3000
3	3000
3	2000
3	2000
3	4000
3	4000
3	3000
3	3000
3	3000
3	10000
3	3000
3	7000
3	2000
3	4000
3	7000
3	3000
3	3000
3	3000
3	3000
3	6000
3	3000
3	10000
3	3000
3	3000
3	2000
3	4000
3	4000
3	2000
3	3000
3	2000
3	2000
3	3000
3	2000
3	2000
3	3000
3	2000
3	2000
3	4000
3	2000
3	3000
3	3000
3	1000
3	2000
3	2000
3	1000
3	4000
3	4000
3	3000
3	3000
3	3000
3	4000
3	2000
3	4000
3	10000
3	3000
3	2000
3	2000
3	4000
3	1000
3	11000
3	12000
3	1000
3	3000
3	4000
3	3000
3	3000
3	3000
3	1000
3	1000
3	2000
3	3000
3	2000
3	3000
3	4000
3	3000
3	2000
3	2000
3	4000
3	1000
3	3000
3	2000
3	7000
3	2000
3	3000
3	2000
3	3000
3	2000
3	3000
3	1000
3	2000
3	3000
3	3000
3	1000
3	3000
3	9000
3	1000
3	2000
3	2000
3	1000
3	3000
3	2000
3	3000
3	2000
3	8000
3	2000
3	1000
3	2000
3	3000
3	4000
3	1000
3	1000
3	4000
3	15000
3	4000
3	5000
3	4000
3	2000
3	3000
3	2000
3	6000
3	5000
3	2000
3	2000
3	2000
3	5000
3	3000
3	2000
3	5000
3	4000
3	7000
3	2000
3	3000
3	8000
3	1000
3	6000
3	3000
3	2000
3	2000
3	3000
3	3000
3	3000
3	2000
3	4000
3	4000
3	5000
3	6000
3	3000
3	2000
3	3000
3	3000
3	6000
3	3000
3	7000
3	7000
3	4000
3	4000
3	2000
3	4000
3	4000
3	3000
3	4000
3	3000
3	2000
3	2000
3	2000
3	3000
3	6000
3	5000
3	3000
3	11000
3	5000
3	5000
3	4000
3	3000
3	4000
3	8000
3	8000
3	3000
3	4000
3	2000
3	3000
3	3000
3	4000
3	2000
3	2000
3	5000
3	2000
3	3000
3	4000
3	10000
3	3000
3	2000
3	11000
3	2000
3	4000
3	4000
3	1000
3	2000
3	2000
3	6000
3	3000
3	2000
3	2000
3	3000
3	5000
3	2000
3	2000
3	2000
3	3000
3	1000
3	2000
3	2000
3	2000
3	2000
3	1000
3	2000
3	3000
3	3000
3	1000
3	7000
3	4000
3	3000
3	21000
3	2000
3	6000
3	3000
3	2000
3	1000
3	5000
3	9000
3	12000
3	9000
3	5000
3	2000
3	3000
3	10000
3	5000
3	2000
3	3000
3	4000
3	7000
3	6000
3	1000
3	5000
3	8000
3	4000
3	5000
3	11000
3	4000
3	4000
3	4000
3	6000
3	2000
3	4000
3	3000
3	7000
3	7000
3	3000
3	3000
3	1000
3	5000
3	5000
3	4000
3	4000
3	1000
3	3000
3	7000
3	14000
3	4000
3	8000
3	3000
3	11000
3	2000
3	4000
3	2000
3	3000
3	4000
3	3000
3	4000
3	2000
3	1000
3	6000
3	4000
3	6000
3	2000
3	7000
3	1000
3	6000
3	4000
3	2000
3	2000
3	2000
3	4000
3	5000
3	4000
3	6000
3	6000
3	2000
3	6000
3	3000
3	9000
3	2000
3	2000
3	1000
3	6000
3	3000
3	2000
3	4000
3	4000
3	6000
3	3000
3	7000
3	3000
3	2000
3	2000
3	2000
3	5000
3	4000
3	2000
3	4000
3	2424
3	1000
3	17000
3	3000
3	4000
3	2000
3	14000
3	3000
3	3000
3	2000
3	3000
3	7000
3	2000
3	4000
3	3000
3	2000
3	2000
3	2000
3	2000
3	2000
3	2000
3	3000
3	2000
3	3000
3	1000
3	2000
3	1000
3	2000
3	3000
3	9000
3	7000
3	1000
3	2000
3	10000
3	2000
3	3000
3	3000
3	7000
3	7000
3	4000
3	4000
3	2000
3	2000
3	2000
3	3000
3	2000
3	5000
3	4000
3	5000
3	5000
3	8000
3	4000
3	2000
3	3000
3	1000
3	1000
3	9000
3	2000
3	3000
3	4000
3	2000
3	14000
3	5000
3	3000
3	2000
3	4000
3	3000
3	3000
3	2000
3	1000
3	3000
3	5000
3	2000
3	2000
3	2000
3	7000
3	1000
3	3000
3	3000
3	2000
3	1000
3	9000
3	2000
3	2000
3	2000
3	2000
3	2000
3	2000
3	1000
3	6000
3	1000
3	2000
3	1000
3	3000
3	4000
3	4000
3	1000
3	3000
3	3000
3	4000
3	6000
3	4000
3	5000
3	4000
3	2000
3	3000
3	4000
3	2000
3	4000
3	3000
3	3000
3	3000
3	3000
3	7000
3	2000
3	2000
3	5000
3	3000
3	2000
3	1000
3	5000
3	2000
3	2000
3	2000
3	2000
3	1000
3	5000
3	2000
3	4000
3	2000
3	2000
3	2000
3	4000
3	4000
3	5000
3	1000
3	4000
3	3000
3	5000
3	2000
3	2000
3	2000
3	2000
3	1000
3	3000
3	4000
3	4000
3	2000
3	2000
3	2000
3	3000
3	1000
3	1000
3	1000
3	4000
3	3000
3	3000
3	2000
3	6000
3	3000
3	3000
3	1000
3	3000
3	3000
3	1000
3	6000
3	11000
3	2000
3	2000
3	1000
3	5000
3	4000
3	2000
3	3000
3	3000
3	1000
3	3000
3	3000
3	3000
3	4000
3	1000
3	1000
3	4000
3	1000
3	2000
3	2000
3	2000
3	2000
3	2000
3	3000
3	3000
3	1000
3	2000
3	1000
3	1000
3	1000
3	2000
3	2000
3	3000
3	2000
3	4000
3	4000
3	3000
3	20000
3	24000
3	2000
3	2000
3	6000
3	3000
3	5000
3	1000
3	5000
3	1000
3	3000
3	2000
3	3000
3	5000
3	8000
3	9000
3	4000
3	2000
3	2000
3	4000
3	8000
3	2000
3	4000
3	3000
3	3000
3	3000
3	2000
3	2000
3	2000
3	7000
3	7000
3	4000
3	2000
3	6000
3	4000
3	4000
3	2000
3	3000
3	2000
3	4000
3	5000
3	1000
3	2000
3	3000
3	1000
3	5000
3	4000
3	4000
3	3000
3	4000
3	4000
3	3000
3	3000
3	3000
3	1000
3	3000
3	11000
3	12000
3	6000
3	4000
3	4000
3	3000
3	3000
3	11000
3	2000
3	2000
3	5000
3	2000
3	4000
3	1000
3	9000
3	4000
3	1000
3	4000
3	9000
3	5000
3	7000
3	2000
3	3000
3	4000
3	3000
3	2000
3	2000
3	5000
3	2000
3	6000
3	3000
3	2000
3	2000
3	12000
3	4000
3	3000
3	6000
3	4000
3	9000
3	3000
3	2000
3	3000
3	3000
3	3000
3	6000
3	4000
3	4000
3	2000
3	3000
3	3000
3	3000
3	3000
3	7000
3	7000
3	6000
3	4000
3	4000
3	11000
3	1000
3	9000
3	4000
3	3000
3	7000
3	4000
3	1000
3	2000
3	4000
3	6000
3	13000
3	2000
3	2000
3	2000
3	12000
3	1000
3	3000
3	4000
3	6000
3	3000
3	3000
3	3000
3	3000
3	1000
3	2000
3	2000
3	2000
3	2000
3	5000
3	3000
3	5000
3	4000
3	2000
3	2000
3	4000
3	3000
3	4000
3	3000
3	3000
3	4000
3	2000
3	3000
3	5000
3	6000
3	4000
3	1000
3	6000
3	2000
3	4000
3	3000
3	7000
3	3000
3	2000
3	1000
3	2000
3	1000
3	3000
3	1000
3	5000
3	3000
3	2000
3	4000
3	4000
3	6000
3	3000
3	8000
3	3000
3	15000
3	3000
3	2000
3	2000
3	7000
3	3000
3	3000
3	3000
3	3000
3	2000
3	2000
6	3000
6	2000
6	6000
6	4000
6	5000
6	2000
6	2000
6	2000
6	2000
6	4000
6	4000
6	2000
6	2000
6	2000
6	4000
6	5000
6	3000
6	2000
6	2000
6	3000
6	4000
6	2000
6	2000
6	2000
6	2000
6	4000
6	2000
6	2000
6	4000
6	2000
6	2000
6	2000
6	2000
6	3000
6	2000
6	2000
6	2000
6	2000
6	3000
6	3000
6	3000
6	2000
6	3000
6	6000
6	2000
6	2000
6	4000
6	2000
6	2000
6	2000
6	2000
6	2000
6	2000
6	4000
6	2000
6	2000
6	2000
6	6000
6	2000
6	3000
6	4000
6	2000
6	3000
6	3000
6	2000
6	2000
6	3000
6	4000
6	2000
6	2000
6	2000
6	8000
6	2000
6	2000
6	2000
6	2000
6	2000
6	2000
6	2000
6	5000
6	2000
6	2000
6	2000
6	2000
6	2000
6	2000
6	2000
6	4000
6	2000
6	6000
6	4000
6	2000
6	2000
6	2000
6	2000
6	2000
6	2000
6	2000
6	2000
6	2000
6	2000
6	5000
6	2000
6	2000
6	2000
6	2000
6	2000
6	2000
6	2000
6	2000
6	2000
6	4000
6	5000
6	3000
6	2000
6	2000
6	4000
6	2000
6	2000
6	2000
6	2000
6	2000
6	3000
6	2000
6	2000
6	2000
6	2000
6	2000
6	2000
6	2000
6	2000
6	3000
6	4000
6	3000
6	3000
6	2000
6	2000
6	7000
6	3000
6	4000
6	3000
6	3000
6	2000
6	2000
6	2000
6	4000
6	3000
6	2000
6	4000
6	3000
6	2000
6	2000
6	3000
6	5000
6	2000
6	3000
6	2000
6	2000
6	2000
6	2000
6	2000
6	2000
6	4000
6	2000
6	3000
6	2000
6	2000
6	2000
6	2000
6	2000
6	2000
6	4000
6	2000
6	2000
6	3000
6	2000
6	2000
6	2000
6	2000
6	2000
6	2000
6	2000
6	6000
6	2000
6	2000
6	2000
6	2000
6	2000
6	2000
6	2000
6	2000
6	3000
6	2000
6	2000
6	3000
6	3000
6	3000
6	6000
6	3000
6	2000
6	3000
6	2000
6	2000
6	2000
6	2000
6	3000
6	3000
6	2000
6	2000
6	2000
6	4000
6	2000
6	3000
6	2000
6	3000
6	2000
6	2000
6	2000
6	2000
6	6000
6	3000
6	3000
6	2000
6	2000
6	2000
6	2000
6	3000
6	3000
6	2000
6	3000
6	3000
6	4000
6	3000
6	4000
6	5000
6	2000
6	2000
6	2000
6	1000
6	5000
6	2000
6	2000
6	2000
6	2000
6	7000
6	2000
6	2000
6	4000
6	3000
6	7000
6	2000
6	2000
6	3000
6	2000
6	2000
6	2000
6	2000
6	4000
6	2000
6	2000
6	2000
6	3000
6	2000
6	2000
6	2000
6	2000
6	2000
6	2000
6	5000
6	2000
6	2000
6	4000
6	4000
6	5000
6	3000
6	2000
6	3000
6	2000
6	2000
6	2000
6	3000
6	5000
6	2000
6	2000
6	2000
6	3000
6	2000
6	2000
6	3000
6	3000
6	3000
6	5000
6	4000
6	2000
6	2000
6	2000
6	2000
6	2000
6	2000
6	2000
6	2000
6	2000
6	2000
6	3000
6	5000
6	3000
6	2000
6	2000
6	2000
6	2000
6	2000
6	2000
6	3000
6	2000
6	2000
6	4000
6	2000
6	2000
6	2000
6	2000
6	2000
6	2000
6	2000
6	6000
6	4000
6	2000
6	2000
6	3000
6	2000
6	2000
6	2000
6	3000
6	3000
6	2000
6	2000
6	3000
6	9000
6	2000
6	2000
6	2000
6	2000
6	2000
6	3000
6	4000
6	3000
6	2000
6	2000
6	4000
6	2000
6	2000
6	2000
6	3000
6	2000
6	3000
6	2000
6	2000
6	4000
6	3000
6	2000
6	2000
6	3000
6	2000
6	5000
6	2000
6	1000
6	3000
6	2000
6	2000
6	2000
6	2000
6	5000
6	6000
6	2000
6	3000
6	2000
6	2000
6	2000
6	3000
6	2000
6	2000
6	3000
6	2000
6	2000
6	2000
6	2000
6	3000
6	4000
6	3000
6	2000
6	2000
6	3000
6	2000
6	2000
6	3000
6	9000
6	2000
6	6000
6	2000
6	2000
6	2000
6	2000
6	3000
6	2000
6	3000
6	2000
6	2000
6	2000
6	2000
6	3000
6	2000
6	2000
6	2000
6	2000
6	3000
6	2000
6	2000
7	4000
7	2000
7	3000
7	3000
7	2000
7	2000
7	2000
7	1000
7	8000
7	4000
7	8000
7	7000
7	4000
7	3000
7	2000
7	2000
7	3000
7	2000
7	2000
7	2000
7	2000
7	4000
7	6000
7	5000
7	3000
7	2000
7	3000
7	2000
7	4000
7	2000
7	2000
7	2000
7	2000
7	2000
7	3000
7	2000
7	4000
7	2000
7	2000
7	2000
7	3000
7	4000
7	3000
7	6000
7	2000
7	3000
7	4000
7	3000
7	5000
7	3000
7	3000
7	2000
7	2000
7	3000
7	3000
7	2000
7	2000
7	4000
7	4000
7	4000
7	3000
7	4000
7	3000
7	1002
7	2000
7	2000
7	2000
7	7000
7	8000
7	10000
7	2000
7	16000
7	2000
7	3000
7	2000
7	4000
7	2000
7	8000
7	4000
7	3000
7	2000
7	2000
7	3000
7	10000
7	3000
7	4000
7	2000
7	5000
7	2000
7	4000
7	8000
7	2000
7	9000
7	2000
7	3000
7	5000
7	4000
7	2000
7	2000
7	3000
7	1000
7	3000
7	7000
7	2000
7	4000
7	4000
7	2000
7	3000
7	5000
7	4000
7	5000
7	2000
7	13000
7	8000
7	2000
7	13000
7	3000
7	4000
7	5000
7	6000
7	4000
7	5000
7	3000
7	3000
7	4000
7	3000
7	3000
7	2000
7	8000
7	8000
7	2000
7	3000
7	2000
7	3000
7	5000
7	4000
7	5000
7	10000
7	4000
7	3000
7	3000
7	4000
7	9000
7	2000
7	6000
7	3000
7	3000
7	2000
7	2000
7	5000
7	8000
7	2000
7	1000
7	2000
7	3000
7	14000
7	3000
7	24000
7	3000
7	18000
7	3000
7	2000
7	7000
7	3000
7	2000
7	2000
7	7000
7	2000
7	7000
7	11000
7	5000
7	8000
7	15000
7	7000
7	3000
7	2000
7	2000
7	3000
7	4000
7	3000
7	2000
7	1000
7	5000
7	2000
7	2000
7	4000
7	2000
7	5000
7	5000
7	3000
7	1000
7	3000
7	2000
7	4000
7	4000
7	4000
7	3000
7	5000
7	2000
7	3000
7	3000
7	4000
7	5000
7	3000
7	2000
7	3000
7	2000
7	17000
7	5000
7	4000
7	5000
7	3000
7	9000
7	6000
7	48000
7	7000
7	15000
7	41000
7	6000
7	24000
7	15000
7	2000
7	64000
7	14000
7	11000
7	5000
7	13000
7	3000
7	6000
7	7000
7	21000
7	16000
7	18000
7	12000
7	21000
7	9000
7	27000
7	1000
7	2000
7	2000
7	8000
7	4000
7	4000
7	4000
7	2000
7	2000
7	3000
7	2000
7	6000
5	2000
5	4000
5	2000
5	5000
5	9000
5	2000
5	4000
5	3000
5	3000
5	27000
5	6000
5	5000
5	4000
5	14000
5	6000
5	1000
5	3000
5	8000
5	3000
5	2000
5	13000
5	6000
5	12000
5	8000
5	6000
5	2000
5	2000
5	32000
5	2000
5	6000
5	20000
5	6000
5	2000
5	26000
5	1000
5	7000
5	5000
5	3000
5	6000
5	6000
5	8000
5	4000
5	2000
5	2000
5	7000
5	1000
5	5000
5	1000
5	1000
5	2000
5	5000
5	4000
5	4000
5	6000
5	9000
5	9000
5	4000
5	2000
5	4000
5	6000
5	2000
5	6000
5	2000
5	3000
5	2000
5	6000
5	2000
5	3000
5	2000
5	2000
5	4000
5	5000
5	1000
5	1000
5	2000
5	2000
5	4000
5	3000
5	2000
5	8000
5	1000
5	2000
5	4000
5	3000
5	2000
5	2000
5	2000
5	9000
5	3000
5	3000
5	5000
5	4000
5	6000
5	4000
5	5000
5	1000
5	3000
5	7000
5	4000
5	2000
5	3000
5	3000
5	6000
5	3000
5	7000
5	2000
5	2000
5	4000
5	2000
5	3000
5	2000
5	2000
5	2000
5	1000
5	2000
5	2000
5	9000
5	4000
5	2000
5	2000
5	3000
5	3000
5	5000
5	3000
5	6000
5	2000
5	2000
5	2000
5	5000
5	7000
5	6000
5	3000
5	5000
5	5000
5	2000
5	6000
5	4000
5	8000
5	6000
5	5000
5	4000
5	4000
5	2000
5	2000
5	2000
5	9000
5	6000
5	6000
5	2000
5	3000
5	2000
5	3000
5	3000
5	11000
5	3000
5	5000
5	6000
5	1000
5	3000
5	3000
5	5000
5	2000
5	3000
5	2000
5	3000
5	3000
5	3000
5	3000
5	10000
5	6000
5	2000
5	8000
5	8000
5	3000
5	9000
5	2000
5	2000
5	2000
5	2000
5	2000
5	3000
5	2000
5	1000
5	2000
5	2000
5	3000
5	4000
5	5000
5	2000
5	4000
5	1000
5	2000
5	6000
5	2000
5	3000
5	2000
5	2000
5	2000
5	5000
5	3000
5	3000
5	2000
5	2000
5	2000
5	3000
5	2000
5	4000
5	2000
5	2000
5	3000
5	3000
5	3000
5	8000
5	3000
5	2000
5	1000
5	2000
5	6000
5	8000
5	3000
5	10000
5	2000
5	1000
5	2000
5	2000
5	2000
5	4000
5	4000
5	4000
5	6000
5	13000
5	6000
5	4000
5	10000
5	4000
5	5000
5	13000
5	11000
5	3000
5	4000
5	3000
5	4000
5	4000
5	4000
5	2000
5	2000
5	3000
5	3000
5	6000
5	5000
5	2000
5	2000
5	5000
5	2000
5	6000
5	2000
5	8000
5	5000
5	7000
5	2000
5	3000
5	3000
5	5000
5	2000
5	3000
5	4000
5	5000
5	21000
5	3000
5	2000
5	3000
5	3000
5	4000
5	2000
5	2000
5	4000
5	3000
5	3000
5	4000
5	2000
5	5000
5	2000
5	7000
5	4000
5	4000
5	3000
5	4000
5	2000
5	5000
5	2000
5	3000
5	2000
5	2000
5	7000
5	2000
5	1000
5	3000
5	6000
5	8000
5	3000
5	2000
5	2000
5	4000
5	2000
5	2000
5	2000
5	4000
5	5000
5	2000
5	3000
5	4000
5	2000
5	5000
5	3000
5	6000
5	1000
5	1000
5	2000
5	2000
5	2000
5	7000
5	2000
5	2000
5	4000
5	2000
5	3000
5	4000
5	2000
5	4000
5	2000
5	4000
5	3000
5	3000
5	2000
5	2000
5	4000
5	6000
5	4000
5	1000
5	7000
5	7000
5	2000
5	4000
5	7000
5	4000
5	7000
5	4000
5	2000
5	3000
5	7000
5	3000
5	2000
5	6000
5	8000
5	10000
5	2000
5	1000
5	1000
5	2000
5	7000
5	7000
5	5000
5	2000
5	2000
5	6000
5	2000
5	3000
5	6000
5	4000
5	5000
5	8000
5	3000
5	1000
5	5000
5	5000
5	5000
5	3000
5	4000
5	10000
5	5000
5	2000
5	5000
5	2000
5	2000
5	20000
5	3000
5	3000
5	3000
5	3000
5	2000
5	3000
5	4000
5	3000
5	3000
5	2000
5	2000
5	3000
5	4000
5	2000
5	3000
5	2000
5	2000
5	3000
5	3000
5	14000
5	3000
5	1000
5	8000
5	7000
5	3000
5	6000
5	1000
5	3000
5	6000
5	1000
5	7000
5	3000
5	5000
5	11000
5	6000
5	2000
5	3000
5	3000
5	5000
5	5000
5	2000
5	6000
5	2000
5	7000
5	1000
5	1000
5	1000
5	8000
5	2000
5	3000
5	8000
5	8876
5	1000
5	15000
5	3000
5	3000
5	9000
5	6000
5	5000
5	2000
5	7000
5	7000
5	4000
5	2000
5	3000
5	7000
5	1000
5	2000
5	7000
5	4000
5	4000
5	2000
5	16000
5	5000
5	4000
5	1000
5	4000
5	3000
5	2000
5	3000
5	3000
5	1000
5	1000
5	4000
5	2000
5	1000
5	4000
5	3000
5	5000
5	11000
5	3000
5	4000
5	4000
5	4000
5	4000
5	7000
5	14000
5	2000
5	3000
5	4000
5	1000
5	8000
5	14000
5	1000
5	10000
5	6000
5	3000
5	7000
5	3000
5	3000
5	5000
5	12000
5	3000
5	3000
5	8000
5	3000
5	2000
5	3000
5	7000
5	2000
5	5000
5	3000
5	9000
5	12000
5	9000
5	2000
5	4000
5	3000
5	4000
5	2000
5	6000
5	5000
5	3000
5	10000
5	6000
5	2000
5	3000
5	9000
5	4000
5	4000
5	2000
5	4000
5	6000
5	3000
5	2000
5	6000
5	2000
5	6000
5	3000
5	2000
5	5000
5	7000
5	11000
5	3000
5	2000
5	9000
5	5000
5	2000
5	2000
5	2000
5	5000
5	5000
5	5000
5	3000
5	15000
5	4000
5	3000
5	4000
5	2000
5	2000
5	5000
5	2000
5	4000
5	1000
5	2000
5	3000
5	3000
5	3000
5	3000
5	7000
5	4000
5	2000
5	2000
5	2000
5	3000
5	5000
5	2000
5	2000
5	2000
5	5000
5	3000
5	3000
5	3000
5	4000
5	3000
5	3000
5	9000
5	1000
5	2000
5	4000
5	6000
5	2000
5	2000
5	1000
5	11000
5	5000
5	2000
5	17000
5	8000
5	1000
5	8000
5	4000
5	7000
5	2000
5	5000
5	3000
5	4000
5	3000
5	6000
5	2000
5	8000
5	7000
5	3000
5	4000
5	9000
5	3000
5	23000
5	2000
5	5000
5	7000
5	10000
5	2000
5	2000
5	14000
5	6000
5	3000
5	2000
5	7000
5	15000
5	5000
5	2000
5	1000
5	13000
5	3000
5	7000
5	8000
5	8000
5	5000
5	4000
5	3000
5	16000
5	2000
5	3000
5	12000
5	2000
5	4000
5	7000
5	5000
5	5000
5	3000
5	5000
5	8000
5	6000
5	5000
5	4000
5	14000
5	3000
5	4000
5	9000
5	3000
5	5000
5	7000
5	3000
5	5000
5	2000
5	2000
5	3000
5	15000
5	2000
5	3000
5	7000
5	2000
5	4000
5	3000
5	5000
5	4000
5	2000
5	12000
5	1000
5	6000
5	15000
5	4000
5	8000
5	3000
5	3000
5	5000
5	14000
5	8000
5	4000
5	7000
5	5000
5	6000
5	3000
5	2000
5	2000
5	6000
5	3000
5	2000
5	3000
5	4000
5	6000
5	4000
5	2000
5	8000
5	7000
5	2000
5	5000
5	4000
5	2000
5	2000
5	2000
5	1000
5	3000
5	5000
5	3000
5	3000
5	3000
5	3000
5	4000
5	5000
5	2000
5	3000
5	1000
5	3000
5	2000
5	4000
5	7000
5	2000
5	2000
5	2000
5	1000
5	5000
5	3000
5	3000
5	4000
5	3000
5	4000
5	4000
5	2000
5	3000
5	2000
5	2000
5	4000
5	3000
5	4000
5	8000
5	3000
5	1000
5	5000
5	3000
5	3000
5	3000
5	3000
5	6000
5	3000
5	5000
5	4000
5	1000
5	2000
5	3000
5	2000
5	3000
5	4000
5	4000
5	5000
5	3000
5	2000
5	4000
5	9000
5	2000
5	3000
5	4000
5	3000
5	9000
5	4000
5	11000
5	10000
5	8000
5	5000
5	3000
5	7000
5	3000
5	2000
5	4000
5	4000
5	2000
5	2000
5	3000
5	2000
5	2000
5	5000
5	2000
5	2000
5	5000
5	2000
5	2000
5	2000
5	3000
5	2000
5	3000
5	3000
5	4000
5	3000
5	7000
5	3000
5	5000
5	4000
5	3000
5	6000
5	3000
5	3000
5	1000
5	3000
5	3000
5	2000
5	7000
5	2000
5	4000
5	3000
5	1000
5	6000
5	3000
5	2000
5	4000
5	3000
5	2000
5	1000
5	2000
5	3000
5	2000
5	4000
5	4000
5	3000
5	3000
5	3000
5	2000
5	1000
5	2000
5	3000
5	10000
5	3000
5	2000
5	9000
5	2000
5	1000
5	2000
5	3000
5	2000
5	14000
5	3000
5	2000
5	4000
5	5000
5	5000
5	6000
5	2000
5	2000
5	2000
5	3000
5	3000
5	4000
5	3000
5	3000
5	3000
5	5000
5	3000
5	3000
5	4000
5	3000
5	13000
5	4000
5	2000
5	7000
5	3000
5	3000
5	3000
5	3000
5	2000
5	1000
5	3000
5	1000
5	2000
5	2000
5	2000
5	4000
5	2000
5	1000
5	1000
5	8000
5	2000
5	4000
5	4000
5	5000
5	2000
5	4000
5	3000
5	2000
5	3000
5	3000
5	4000
5	1000
5	3000
5	3000
5	2000
5	1000
5	4000
5	2000
5	5000
5	2000
5	2000
5	2000
5	2000
5	5000
5	4000
5	2000
5	2000
5	1000
5	6000
5	3000
5	2000
5	9000
5	1000
5	4000
5	2000
5	4000
5	2000
5	4000
5	3000
5	3000
5	2000
5	2000
5	4000
5	1000
5	2426
5	3000
5	4000
5	5000
5	2000
5	7000
5	4000
5	2000
5	4000
5	5000
5	2000
5	5000
5	10000
5	2000
5	6000
5	3000
5	5000
5	2000
5	4000
5	2000
5	4000
5	2000
5	2000
5	4000
5	2000
5	3000
5	2000
5	2000
5	2000
5	6000
5	4000
5	5000
5	3000
5	11000
5	5000
5	2000
5	3000
5	4000
5	5000
5	7000
5	3000
5	2000
5	3000
5	2000
5	2000
5	3000
5	4000
5	1000
5	4000
5	3000
5	1000
5	4000
5	4000
5	4000
5	3000
5	2000
5	5000
5	3000
5	9000
5	19000
5	7000
5	2000
5	16000
5	18000
5	3000
5	2000
5	6000
5	17000
5	3000
5	8000
5	11000
5	4000
5	4000
5	8000
5	5000
5	2000
5	4000
5	4000
5	2000
5	4000
5	3000
5	6000
5	4000
5	8000
5	5000
5	2000
5	5000
5	4000
5	2000
5	2000
11	6000
11	5000
11	3000
11	2000
11	3000
11	2000
11	5000
11	2000
11	4000
11	6000
11	3000
11	2000
11	3000
11	1000
11	1000
11	2000
11	2000
11	2000
11	2000
11	2000
11	4000
11	2000
11	2000
11	7000
11	2000
11	10000
11	2000
11	2000
11	1000
11	4000
11	4000
11	2000
11	2000
11	7000
11	4000
11	3000
11	2000
11	3000
11	2000
11	2000
11	2000
11	1000
11	1000
11	2000
11	4000
11	2000
11	2000
11	8000
11	2000
11	2000
11	6000
11	2000
11	3000
11	2000
11	3000
11	2000
11	4000
11	3000
11	13000
11	3000
11	2000
11	2000
11	5000
11	6000
11	4000
11	5000
11	3000
11	3000
11	5000
11	5000
11	2000
11	1000
11	5000
11	5000
11	2000
11	4000
11	15000
11	4000
11	3000
11	2000
11	10000
11	3000
11	3000
11	3000
11	5000
11	3000
11	4000
11	18000
11	3000
11	3000
11	3000
11	1000
11	6000
11	4000
11	5000
11	11000
11	14000
11	4000
11	14000
11	2000
11	3000
11	5000
11	7000
11	5000
11	2000
11	14000
11	1000
11	2000
11	4000
11	2000
11	3000
11	3000
11	3000
11	9000
11	9000
11	1000
11	3000
11	4000
11	11000
11	13000
11	4000
11	5000
11	2000
11	3000
11	2000
11	2000
11	4000
11	3000
11	3000
11	4000
11	4000
11	3000
11	3000
11	3000
11	8000
11	2000
11	3000
11	7000
11	5000
11	3000
11	5000
11	2000
11	8000
11	1000
11	1000
11	2000
11	7000
11	9000
11	3000
11	2000
11	3000
11	9000
11	5000
11	4000
11	9000
11	2000
11	11000
11	2000
11	8000
11	2000
11	3000
11	4000
11	6000
11	8000
11	4000
11	2000
11	4000
11	6000
11	6000
11	4000
11	5000
11	2000
11	2000
11	3000
11	2000
11	1000
11	2000
11	4000
11	5000
11	6000
11	5000
11	3000
11	6000
11	7000
11	2000
11	2000
11	2000
11	2000
11	5000
11	3000
11	10000
11	2000
11	4000
11	11000
11	5000
11	3000
11	5000
11	4000
11	4000
11	3000
11	1000
11	2000
11	3000
11	3000
11	3000
11	3000
11	2000
11	3000
11	3000
11	2000
11	2000
11	2000
11	2000
11	2000
11	3000
11	3000
11	4000
11	2000
11	4000
11	1000
11	3000
11	3000
11	5000
11	3000
11	2000
11	3000
11	7000
11	2000
11	2000
11	4000
11	3000
11	4000
11	3000
11	2000
11	3000
11	6000
11	3000
11	2000
11	3000
11	2000
11	2000
11	3000
11	2000
11	1000
11	2000
11	1000
11	3000
11	2000
11	4000
11	2000
11	2000
11	2000
11	2000
11	2000
11	2000
11	3000
11	2000
11	11000
11	8000
11	5000
11	11000
11	3000
11	6000
11	5000
11	4000
11	3000
11	5000
11	18000
11	5000
11	2000
11	3000
11	3000
11	2000
11	2000
11	6000
11	5000
11	2000
11	5000
11	1000
11	5000
11	5000
11	7000
11	4000
11	4000
11	1000
11	2000
11	5000
11	2000
11	2000
11	2000
11	2000
11	2000
11	3000
11	6000
11	2000
11	3000
11	2000
11	2000
11	2000
11	3000
11	2000
11	2000
11	3000
11	3000
11	1999
11	1000
11	2000
11	3000
11	2000
11	4000
11	2000
11	4000
11	4000
11	1000
11	1000
11	2000
11	4000
11	5000
11	2000
11	1000
11	2000
11	4000
11	1000
11	2000
11	2000
11	1000
11	1000
11	2000
11	4000
11	3000
11	4000
11	2000
11	2000
11	2000
11	1000
11	3000
11	3000
11	3000
11	9000
11	8000
11	2000
11	4000
11	2000
11	2000
11	3000
11	2000
11	2000
11	2000
11	2000
11	6000
11	3000
11	2000
11	3000
11	8000
11	3000
11	3000
11	4000
11	2000
11	6000
11	4000
11	4000
11	3000
11	2000
11	2000
11	2000
11	2000
11	2000
11	5000
11	3000
11	3000
11	2000
11	4000
11	4000
11	2000
11	2000
11	2000
11	4000
11	2000
11	2000
11	4000
11	3000
11	3000
11	4000
11	3000
11	2000
11	3000
11	3000
11	2000
11	2000
11	2000
11	4000
11	1000
11	1000
11	3000
11	2000
11	3000
11	3000
11	2000
11	1000
11	1000
11	7000
11	2000
11	2000
11	4000
11	9000
11	2000
11	4000
11	2000
11	2000
11	3000
11	4000
11	4000
11	1000
11	3000
11	3000
11	2000
11	2000
11	2000
11	4000
11	1000
11	2000
11	3000
11	1000
11	3000
11	2000
11	2000
11	3000
11	2000
11	2000
11	2000
11	4000
11	2000
11	2000
11	2000
11	3000
11	2000
11	1000
11	4000
11	7000
11	2000
11	1000
11	4000
11	1064
11	2000
11	3000
11	5000
11	5000
11	3000
11	8000
11	4000
11	2000
11	2000
11	5000
11	1000
11	2000
11	1000
11	4000
11	2000
11	2000
11	4000
11	6000
11	6000
11	2000
11	3000
11	1000
11	2000
11	5000
11	4000
11	2000
11	3000
11	2000
11	4000
11	1000
11	3000
11	2000
11	2000
11	2000
11	3000
11	8000
11	3000
11	5000
11	5000
11	2000
11	9000
11	1000
11	4000
11	7000
11	5000
11	4000
11	4000
11	3000
11	2000
11	3000
11	4000
11	4000
11	3000
11	2000
11	4000
11	4000
11	2000
11	2000
11	2000
11	2000
11	2000
11	5000
11	1000
11	5000
11	5000
11	2000
11	3000
11	3000
11	2000
11	2000
11	2000
11	4000
11	1986
11	4000
11	2000
11	1000
11	6000
11	2000
11	1000
11	3000
11	2000
11	1000
11	5000
11	9000
11	2000
11	1000
11	1000
11	3000
11	2000
11	5000
11	2000
11	6000
11	2000
11	3000
11	2000
11	2000
11	3000
11	2000
11	2000
11	4000
11	2000
11	1000
11	2000
11	7000
11	3000
11	3000
11	2000
11	1000
11	3000
11	4000
11	3000
11	4000
11	2000
11	2000
11	2000
11	2000
11	2000
11	3000
11	2000
11	3000
11	3000
11	8000
11	4000
11	2000
11	1000
11	2000
11	4000
11	5000
11	1000
11	1000
11	6000
11	2000
11	2000
11	3000
11	3000
11	4000
11	6000
11	3000
11	2000
11	2000
11	4000
11	2000
11	5000
11	4000
11	3000
11	4000
11	7000
11	6000
11	2000
11	9000
11	1000
11	2000
11	2000
11	2000
11	3000
11	1000
11	2000
11	2000
11	3000
11	7000
11	4000
11	3000
11	4000
11	3000
11	2000
11	2000
11	4000
11	2000
11	2000
11	2000
11	4000
11	2000
11	2000
11	5000
11	4000
11	3000
11	2000
11	1000
11	3000
11	3000
11	3000
11	2000
11	3000
11	6000
11	1000
11	2000
11	2000
11	2000
11	2000
11	4000
11	5000
11	9000
11	9000
11	4000
11	7000
11	3000
11	2000
11	4000
11	2000
11	6000
11	7000
11	6000
11	2000
11	2000
11	4000
11	2000
11	2000
11	2000
11	3000
11	5000
11	8000
11	5000
11	3000
11	1000
11	2000
11	3000
11	5000
11	4000
11	2000
11	5000
11	3000
11	1000
11	4000
11	3000
11	1000
11	3000
11	3000
11	4000
11	2000
11	3000
11	2000
11	2000
11	2000
11	2000
11	2000
11	2000
11	2000
11	3000
11	4000
11	6000
11	2000
11	3000
11	3000
11	7000
11	7000
11	3000
11	2000
11	4000
11	3000
11	2000
11	4000
11	10000
11	2000
11	3000
11	9000
11	5000
11	2000
11	4000
11	4000
11	1000
11	2000
11	2000
11	3000
11	4000
11	3000
11	1000
11	4000
11	22000
11	5000
11	2000
11	9000
11	2000
11	3000
11	4000
11	2000
11	2000
11	3000
11	4000
11	1000
11	2000
11	4000
11	5000
11	4000
11	6000
11	2000
11	6000
11	7000
11	3000
11	14000
11	30000
11	6000
11	4000
11	3000
11	2000
11	5000
11	2000
11	7000
11	7000
11	2000
11	2000
11	3000
11	1000
11	1000
11	2000
11	3000
11	2000
11	2000
11	4000
11	2000
11	3000
11	2000
11	3000
11	2000
11	3000
11	2000
11	3000
11	7000
11	3000
11	2000
11	14000
11	6000
11	22000
11	2000
11	3000
11	2000
11	2000
11	4000
11	3000
11	5000
11	2000
11	2000
11	2000
11	3000
11	2000
11	3000
11	1000
11	2000
11	4000
11	5000
11	2000
11	2000
11	1000
11	1000
11	7000
11	3000
11	2000
11	6000
11	2000
11	6000
11	1000
11	3000
11	2000
11	5000
11	6000
11	3000
11	5000
11	2000
11	3000
11	7000
11	7000
11	3000
11	9000
11	11000
11	5000
11	3000
11	3000
11	3000
11	3000
11	2000
11	2000
11	6000
11	5000
11	3000
11	2000
11	3000
11	2000
11	3000
11	2000
11	2000
11	8000
11	8000
11	3000
11	1000
11	1000
11	4000
11	3000
11	2000
11	4000
11	2000
11	4000
11	6000
11	9000
11	2000
11	2000
11	2000
11	2000
11	2000
11	3000
11	1197
11	2000
11	3000
11	1000
11	4000
11	2000
11	2000
11	2000
11	4000
11	5000
11	3000
11	2000
11	2000
11	2000
11	5000
11	4000
11	3000
11	5000
11	3000
11	9000
11	4000
11	3000
11	2000
11	2000
11	1000
11	2000
11	1000
11	8000
11	11000
11	13000
11	16000
11	6000
11	6000
11	6000
11	3000
11	3000
11	2000
11	3000
11	2000
11	3000
11	2000
11	3000
11	3000
11	2000
11	1000
11	2000
11	3000
11	3000
11	5000
11	4000
11	1000
11	5000
11	3000
11	9000
11	3000
11	3000
11	10000
11	2000
11	2000
11	5000
11	1000
11	2000
11	2000
11	8000
11	2000
11	2000
11	2000
11	3000
11	3000
11	3000
12	2000
12	2000
12	2000
12	2000
12	2000
12	5000
12	3000
12	2000
12	2000
12	2000
12	3000
12	2000
12	2000
12	2000
12	2000
12	2000
12	2000
12	2000
12	2000
12	2000
12	2000
12	2000
12	2000
12	2000
12	2000
12	2000
12	2000
12	2000
12	2000
12	6000
12	6000
12	2000
12	2000
12	2000
12	2000
12	14000
12	2000
12	7000
12	12000
12	5000
12	2000
12	2000
12	2000
12	6000
12	2000
12	1000
12	4000
12	2000
12	2000
12	2000
13	3000
13	2000
13	6000
13	6000
13	2000
13	6000
13	100000
13	2000
13	4000
13	3000
13	3000
13	2000
13	3000
13	5000
13	4000
13	5000
13	5000
13	5000
13	6000
13	2000
13	6000
13	5000
13	4000
13	2000
13	3000
13	3000
13	5000
13	2000
13	1000
13	2000
13	3000
13	49000
13	2000
13	3000
13	2000
13	2000
13	6000
13	3000
13	2000
13	3000
13	2000
13	5000
13	4000
13	2000
13	4000
13	1000
13	6000
13	4000
13	7000
13	5000
13	3000
13	2000
13	6000
13	2000
13	3000
13	2000
13	6000
13	2000
13	4000
13	3000
13	2000
13	2000
13	2000
13	3000
13	4000
13	4000
13	4000
13	3000
13	5000
13	3000
13	2000
13	2000
13	5000
13	2000
13	5000
13	3000
13	7000
13	6000
13	3000
13	3000
13	6000
13	122000
13	2000
13	2000
13	2000
13	7000
13	3000
13	2000
13	5000
13	5000
13	5000
13	6000
13	18000
13	22000
13	2000
13	4000
13	2000
13	13000
13	5000
13	8000
13	20000
13	12000
13	66000
13	3000
13	5000
13	4000
13	2000
13	6000
13	5000
13	3000
13	4000
13	3000
13	2000
13	2000
13	6000
13	8000
13	12000
13	3000
13	6000
13	7000
13	4000
13	3000
13	3000
13	1000
13	3000
13	2000
13	5000
13	5000
13	2000
13	3000
13	2000
13	4000
13	6000
13	2000
13	4000
13	6000
13	9000
13	10000
13	12000
13	4000
13	2000
13	6000
13	2000
13	2000
13	3000
13	3000
13	2000
13	2000
13	5000
13	5000
13	6000
13	4000
13	4000
13	2000
13	5000
13	2000
13	2000
13	3000
13	4000
13	6000
13	5000
13	7000
13	3000
13	5000
13	3000
13	4000
13	2000
13	3000
13	35000
13	2000
13	43000
13	4000
13	2000
13	150000
13	10000
13	10000
13	2000
